run_id,metric,value_ms,timestamp,variant
0,B11,0.055375,2026-04-04T16:28:01+00:00,full_5check
1,B11,0.055500,2026-04-04T16:28:01+00:00,full_5check
2,B11,0.055208,2026-04-04T16:28:01+00:00,full_5check
3,B11,0.055792,2026-04-04T16:28:01+00:00,full_5check
4,B11,0.055916,2026-04-04T16:28:01+00:00,full_5check
5,B11,0.056250,2026-04-04T16:28:01+00:00,full_5check
6,B11,0.055209,2026-04-04T16:28:01+00:00,full_5check
7,B11,0.055791,2026-04-04T16:28:01+00:00,full_5check
8,B11,0.056167,2026-04-04T16:28:01+00:00,full_5check
9,B11,0.055209,2026-04-04T16:28:01+00:00,full_5check
10,B11,0.055459,2026-04-04T16:28:01+00:00,full_5check
11,B11,0.055167,2026-04-04T16:28:01+00:00,full_5check
12,B11,0.055333,2026-04-04T16:28:01+00:00,full_5check
13,B11,0.055291,2026-04-04T16:28:01+00:00,full_5check
14,B11,0.054917,2026-04-04T16:28:01+00:00,full_5check
15,B11,0.055292,2026-04-04T16:28:01+00:00,full_5check
16,B11,0.055333,2026-04-04T16:28:01+00:00,full_5check
17,B11,0.055500,2026-04-04T16:28:01+00:00,full_5check
18,B11,0.055375,2026-04-04T16:28:01+00:00,full_5check
19,B11,0.055500,2026-04-04T16:28:01+00:00,full_5check
20,B11,0.055500,2026-04-04T16:28:01+00:00,full_5check
21,B11,0.055292,2026-04-04T16:28:01+00:00,full_5check
22,B11,0.055083,2026-04-04T16:28:01+00:00,full_5check
23,B11,0.055167,2026-04-04T16:28:01+00:00,full_5check
24,B11,0.054959,2026-04-04T16:28:01+00:00,full_5check
25,B11,0.055250,2026-04-04T16:28:01+00:00,full_5check
26,B11,0.054958,2026-04-04T16:28:01+00:00,full_5check
27,B11,0.055541,2026-04-04T16:28:01+00:00,full_5check
28,B11,0.055125,2026-04-04T16:28:01+00:00,full_5check
29,B11,0.055208,2026-04-04T16:28:01+00:00,full_5check
30,B11,0.055333,2026-04-04T16:28:01+00:00,full_5check
31,B11,0.055083,2026-04-04T16:28:01+00:00,full_5check
32,B11,0.055167,2026-04-04T16:28:01+00:00,full_5check
33,B11,0.055375,2026-04-04T16:28:01+00:00,full_5check
34,B11,0.055291,2026-04-04T16:28:01+00:00,full_5check
35,B11,0.055125,2026-04-04T16:28:01+00:00,full_5check
36,B11,0.054875,2026-04-04T16:28:01+00:00,full_5check
37,B11,0.057584,2026-04-04T16:28:01+00:00,full_5check
38,B11,0.055500,2026-04-04T16:28:01+00:00,full_5check
39,B11,0.055458,2026-04-04T16:28:01+00:00,full_5check
40,B11,0.055792,2026-04-04T16:28:01+00:00,full_5check
41,B11,0.055708,2026-04-04T16:28:01+00:00,full_5check
42,B11,0.054875,2026-04-04T16:28:01+00:00,full_5check
43,B11,0.055292,2026-04-04T16:28:01+00:00,full_5check
44,B11,0.055166,2026-04-04T16:28:01+00:00,full_5check
45,B11,0.055666,2026-04-04T16:28:01+00:00,full_5check
46,B11,0.055375,2026-04-04T16:28:01+00:00,full_5check
47,B11,0.055000,2026-04-04T16:28:01+00:00,full_5check
48,B11,0.055208,2026-04-04T16:28:01+00:00,full_5check
49,B11,0.055500,2026-04-04T16:28:01+00:00,full_5check
50,B11,0.055334,2026-04-04T16:28:01+00:00,full_5check
51,B11,0.055625,2026-04-04T16:28:01+00:00,full_5check
52,B11,0.055083,2026-04-04T16:28:01+00:00,full_5check
53,B11,0.055084,2026-04-04T16:28:01+00:00,full_5check
54,B11,0.056167,2026-04-04T16:28:01+00:00,full_5check
55,B11,0.055208,2026-04-04T16:28:01+00:00,full_5check
56,B11,0.055125,2026-04-04T16:28:01+00:00,full_5check
57,B11,0.055292,2026-04-04T16:28:01+00:00,full_5check
58,B11,0.054750,2026-04-04T16:28:01+00:00,full_5check
59,B11,0.055375,2026-04-04T16:28:01+00:00,full_5check
60,B11,0.054958,2026-04-04T16:28:01+00:00,full_5check
61,B11,0.055167,2026-04-04T16:28:01+00:00,full_5check
62,B11,0.054959,2026-04-04T16:28:01+00:00,full_5check
63,B11,0.058791,2026-04-04T16:28:01+00:00,full_5check
64,B11,0.055542,2026-04-04T16:28:01+00:00,full_5check
65,B11,0.055292,2026-04-04T16:28:01+00:00,full_5check
66,B11,0.055541,2026-04-04T16:28:01+00:00,full_5check
67,B11,0.055916,2026-04-04T16:28:01+00:00,full_5check
68,B11,0.055833,2026-04-04T16:28:01+00:00,full_5check
69,B11,0.055250,2026-04-04T16:28:01+00:00,full_5check
70,B11,0.055250,2026-04-04T16:28:01+00:00,full_5check
71,B11,0.055542,2026-04-04T16:28:01+00:00,full_5check
72,B11,0.055750,2026-04-04T16:28:01+00:00,full_5check
73,B11,0.055917,2026-04-04T16:28:01+00:00,full_5check
74,B11,0.055417,2026-04-04T16:28:01+00:00,full_5check
75,B11,0.055084,2026-04-04T16:28:01+00:00,full_5check
76,B11,0.055250,2026-04-04T16:28:01+00:00,full_5check
77,B11,0.063625,2026-04-04T16:28:01+00:00,full_5check
78,B11,0.055916,2026-04-04T16:28:01+00:00,full_5check
79,B11,0.055250,2026-04-04T16:28:01+00:00,full_5check
80,B11,0.054958,2026-04-04T16:28:01+00:00,full_5check
81,B11,0.055375,2026-04-04T16:28:01+00:00,full_5check
82,B11,0.066291,2026-04-04T16:28:01+00:00,full_5check
83,B11,0.055792,2026-04-04T16:28:01+00:00,full_5check
84,B11,0.055375,2026-04-04T16:28:01+00:00,full_5check
85,B11,0.055333,2026-04-04T16:28:01+00:00,full_5check
86,B11,0.055250,2026-04-04T16:28:01+00:00,full_5check
87,B11,0.066500,2026-04-04T16:28:01+00:00,full_5check
88,B11,0.055625,2026-04-04T16:28:01+00:00,full_5check
89,B11,0.063500,2026-04-04T16:28:01+00:00,full_5check
90,B11,0.055834,2026-04-04T16:28:01+00:00,full_5check
91,B11,0.055458,2026-04-04T16:28:01+00:00,full_5check
92,B11,0.055125,2026-04-04T16:28:01+00:00,full_5check
93,B11,0.055166,2026-04-04T16:28:01+00:00,full_5check
94,B11,0.067541,2026-04-04T16:28:01+00:00,full_5check
95,B11,0.056250,2026-04-04T16:28:01+00:00,full_5check
96,B11,0.055208,2026-04-04T16:28:01+00:00,full_5check
97,B11,0.055416,2026-04-04T16:28:01+00:00,full_5check
98,B11,0.055375,2026-04-04T16:28:01+00:00,full_5check
99,B11,0.055083,2026-04-04T16:28:01+00:00,full_5check
100,B11,0.055458,2026-04-04T16:28:01+00:00,full_5check
101,B11,0.055250,2026-04-04T16:28:01+00:00,full_5check
102,B11,0.054916,2026-04-04T16:28:01+00:00,full_5check
103,B11,0.055084,2026-04-04T16:28:01+00:00,full_5check
104,B11,0.055041,2026-04-04T16:28:01+00:00,full_5check
105,B11,0.056250,2026-04-04T16:28:01+00:00,full_5check
106,B11,0.058000,2026-04-04T16:28:01+00:00,full_5check
107,B11,0.055917,2026-04-04T16:28:01+00:00,full_5check
108,B11,0.056375,2026-04-04T16:28:01+00:00,full_5check
109,B11,0.056666,2026-04-04T16:28:01+00:00,full_5check
110,B11,0.055500,2026-04-04T16:28:01+00:00,full_5check
111,B11,0.055708,2026-04-04T16:28:01+00:00,full_5check
112,B11,0.055625,2026-04-04T16:28:01+00:00,full_5check
113,B11,0.055292,2026-04-04T16:28:01+00:00,full_5check
114,B11,0.055542,2026-04-04T16:28:01+00:00,full_5check
115,B11,0.055334,2026-04-04T16:28:01+00:00,full_5check
116,B11,0.055416,2026-04-04T16:28:01+00:00,full_5check
117,B11,0.055125,2026-04-04T16:28:01+00:00,full_5check
118,B11,0.055083,2026-04-04T16:28:01+00:00,full_5check
119,B11,0.055417,2026-04-04T16:28:01+00:00,full_5check
120,B11,0.054917,2026-04-04T16:28:01+00:00,full_5check
121,B11,0.062250,2026-04-04T16:28:01+00:00,full_5check
122,B11,0.055750,2026-04-04T16:28:01+00:00,full_5check
123,B11,0.055708,2026-04-04T16:28:01+00:00,full_5check
124,B11,0.055292,2026-04-04T16:28:01+00:00,full_5check
125,B11,0.055250,2026-04-04T16:28:01+00:00,full_5check
126,B11,0.055167,2026-04-04T16:28:01+00:00,full_5check
127,B11,0.055167,2026-04-04T16:28:01+00:00,full_5check
128,B11,0.061666,2026-04-04T16:28:01+00:00,full_5check
129,B11,0.056000,2026-04-04T16:28:01+00:00,full_5check
130,B11,0.055333,2026-04-04T16:28:01+00:00,full_5check
131,B11,0.055708,2026-04-04T16:28:01+00:00,full_5check
132,B11,0.055834,2026-04-04T16:28:01+00:00,full_5check
133,B11,0.055833,2026-04-04T16:28:01+00:00,full_5check
134,B11,0.055375,2026-04-04T16:28:01+00:00,full_5check
135,B11,0.055708,2026-04-04T16:28:01+00:00,full_5check
136,B11,0.058458,2026-04-04T16:28:01+00:00,full_5check
137,B11,0.055292,2026-04-04T16:28:01+00:00,full_5check
138,B11,0.055459,2026-04-04T16:28:01+00:00,full_5check
139,B11,0.055375,2026-04-04T16:28:01+00:00,full_5check
140,B11,0.055459,2026-04-04T16:28:01+00:00,full_5check
141,B11,0.055458,2026-04-04T16:28:01+00:00,full_5check
142,B11,0.062500,2026-04-04T16:28:01+00:00,full_5check
143,B11,0.055834,2026-04-04T16:28:01+00:00,full_5check
144,B11,0.055291,2026-04-04T16:28:01+00:00,full_5check
145,B11,0.055500,2026-04-04T16:28:01+00:00,full_5check
146,B11,0.054958,2026-04-04T16:28:01+00:00,full_5check
147,B11,0.055000,2026-04-04T16:28:01+00:00,full_5check
148,B11,0.055125,2026-04-04T16:28:01+00:00,full_5check
149,B11,0.055041,2026-04-04T16:28:01+00:00,full_5check
150,B11,0.055417,2026-04-04T16:28:01+00:00,full_5check
151,B11,0.055042,2026-04-04T16:28:01+00:00,full_5check
152,B11,0.055333,2026-04-04T16:28:01+00:00,full_5check
153,B11,0.054917,2026-04-04T16:28:01+00:00,full_5check
154,B11,0.055542,2026-04-04T16:28:01+00:00,full_5check
155,B11,0.055291,2026-04-04T16:28:01+00:00,full_5check
156,B11,0.055416,2026-04-04T16:28:01+00:00,full_5check
157,B11,0.055417,2026-04-04T16:28:01+00:00,full_5check
158,B11,0.055166,2026-04-04T16:28:01+00:00,full_5check
159,B11,0.055375,2026-04-04T16:28:01+00:00,full_5check
160,B11,0.055333,2026-04-04T16:28:01+00:00,full_5check
161,B11,0.055334,2026-04-04T16:28:01+00:00,full_5check
162,B11,0.055458,2026-04-04T16:28:01+00:00,full_5check
163,B11,0.055083,2026-04-04T16:28:01+00:00,full_5check
164,B11,0.055166,2026-04-04T16:28:01+00:00,full_5check
165,B11,0.054959,2026-04-04T16:28:01+00:00,full_5check
166,B11,0.055083,2026-04-04T16:28:01+00:00,full_5check
167,B11,0.055375,2026-04-04T16:28:01+00:00,full_5check
168,B11,0.055625,2026-04-04T16:28:01+00:00,full_5check
169,B11,0.055334,2026-04-04T16:28:01+00:00,full_5check
170,B11,0.055292,2026-04-04T16:28:01+00:00,full_5check
171,B11,0.055208,2026-04-04T16:28:01+00:00,full_5check
172,B11,0.055667,2026-04-04T16:28:01+00:00,full_5check
173,B11,0.055333,2026-04-04T16:28:01+00:00,full_5check
174,B11,0.055083,2026-04-04T16:28:01+00:00,full_5check
175,B11,0.055167,2026-04-04T16:28:01+00:00,full_5check
176,B11,0.054958,2026-04-04T16:28:01+00:00,full_5check
177,B11,0.057500,2026-04-04T16:28:01+00:00,full_5check
178,B11,0.055125,2026-04-04T16:28:01+00:00,full_5check
179,B11,0.055125,2026-04-04T16:28:01+00:00,full_5check
180,B11,0.054875,2026-04-04T16:28:01+00:00,full_5check
181,B11,0.055250,2026-04-04T16:28:01+00:00,full_5check
182,B11,0.055000,2026-04-04T16:28:01+00:00,full_5check
183,B11,0.055125,2026-04-04T16:28:01+00:00,full_5check
184,B11,0.055458,2026-04-04T16:28:01+00:00,full_5check
185,B11,0.054917,2026-04-04T16:28:01+00:00,full_5check
186,B11,0.055708,2026-04-04T16:28:01+00:00,full_5check
187,B11,0.054958,2026-04-04T16:28:01+00:00,full_5check
188,B11,0.055125,2026-04-04T16:28:01+00:00,full_5check
189,B11,0.055250,2026-04-04T16:28:01+00:00,full_5check
190,B11,0.055625,2026-04-04T16:28:01+00:00,full_5check
191,B11,0.054875,2026-04-04T16:28:01+00:00,full_5check
192,B11,0.055416,2026-04-04T16:28:01+00:00,full_5check
193,B11,0.055458,2026-04-04T16:28:01+00:00,full_5check
194,B11,0.055417,2026-04-04T16:28:01+00:00,full_5check
195,B11,0.055125,2026-04-04T16:28:01+00:00,full_5check
196,B11,0.055500,2026-04-04T16:28:01+00:00,full_5check
197,B11,0.055167,2026-04-04T16:28:01+00:00,full_5check
198,B11,0.055000,2026-04-04T16:28:01+00:00,full_5check
199,B11,0.055125,2026-04-04T16:28:01+00:00,full_5check
200,B11,0.055000,2026-04-04T16:28:01+00:00,full_5check
201,B11,0.055500,2026-04-04T16:28:01+00:00,full_5check
202,B11,0.055208,2026-04-04T16:28:01+00:00,full_5check
203,B11,0.055125,2026-04-04T16:28:01+00:00,full_5check
204,B11,0.055375,2026-04-04T16:28:01+00:00,full_5check
205,B11,0.055250,2026-04-04T16:28:01+00:00,full_5check
206,B11,0.055417,2026-04-04T16:28:01+00:00,full_5check
207,B11,0.055292,2026-04-04T16:28:01+00:00,full_5check
208,B11,0.054958,2026-04-04T16:28:01+00:00,full_5check
209,B11,0.055375,2026-04-04T16:28:01+00:00,full_5check
210,B11,0.054958,2026-04-04T16:28:01+00:00,full_5check
211,B11,0.055375,2026-04-04T16:28:01+00:00,full_5check
212,B11,0.055083,2026-04-04T16:28:01+00:00,full_5check
213,B11,0.054958,2026-04-04T16:28:01+00:00,full_5check
214,B11,0.055250,2026-04-04T16:28:01+00:00,full_5check
215,B11,0.055666,2026-04-04T16:28:01+00:00,full_5check
216,B11,0.055167,2026-04-04T16:28:01+00:00,full_5check
217,B11,0.055208,2026-04-04T16:28:01+00:00,full_5check
218,B11,0.055000,2026-04-04T16:28:01+00:00,full_5check
219,B11,0.054875,2026-04-04T16:28:01+00:00,full_5check
220,B11,0.055083,2026-04-04T16:28:01+00:00,full_5check
221,B11,0.055292,2026-04-04T16:28:01+00:00,full_5check
222,B11,0.055042,2026-04-04T16:28:01+00:00,full_5check
223,B11,0.054875,2026-04-04T16:28:01+00:00,full_5check
224,B11,0.055250,2026-04-04T16:28:01+00:00,full_5check
225,B11,0.054833,2026-04-04T16:28:01+00:00,full_5check
226,B11,0.054917,2026-04-04T16:28:01+00:00,full_5check
227,B11,0.055000,2026-04-04T16:28:01+00:00,full_5check
228,B11,0.055084,2026-04-04T16:28:01+00:00,full_5check
229,B11,0.055125,2026-04-04T16:28:01+00:00,full_5check
230,B11,0.055125,2026-04-04T16:28:01+00:00,full_5check
231,B11,0.054958,2026-04-04T16:28:01+00:00,full_5check
232,B11,0.055167,2026-04-04T16:28:01+00:00,full_5check
233,B11,0.055250,2026-04-04T16:28:01+00:00,full_5check
234,B11,0.054958,2026-04-04T16:28:01+00:00,full_5check
235,B11,0.055209,2026-04-04T16:28:01+00:00,full_5check
236,B11,0.055167,2026-04-04T16:28:01+00:00,full_5check
237,B11,0.055125,2026-04-04T16:28:01+00:00,full_5check
238,B11,0.055208,2026-04-04T16:28:01+00:00,full_5check
239,B11,0.062458,2026-04-04T16:28:01+00:00,full_5check
240,B11,0.057250,2026-04-04T16:28:01+00:00,full_5check
241,B11,0.059667,2026-04-04T16:28:01+00:00,full_5check
242,B11,0.057916,2026-04-04T16:28:01+00:00,full_5check
243,B11,0.055791,2026-04-04T16:28:01+00:00,full_5check
244,B11,0.055625,2026-04-04T16:28:01+00:00,full_5check
245,B11,0.055709,2026-04-04T16:28:01+00:00,full_5check
246,B11,0.055584,2026-04-04T16:28:01+00:00,full_5check
247,B11,0.055625,2026-04-04T16:28:01+00:00,full_5check
248,B11,0.055167,2026-04-04T16:28:01+00:00,full_5check
249,B11,0.055333,2026-04-04T16:28:01+00:00,full_5check
250,B11,0.055500,2026-04-04T16:28:01+00:00,full_5check
251,B11,0.055208,2026-04-04T16:28:01+00:00,full_5check
252,B11,0.055125,2026-04-04T16:28:01+00:00,full_5check
253,B11,0.055208,2026-04-04T16:28:01+00:00,full_5check
254,B11,0.055167,2026-04-04T16:28:01+00:00,full_5check
255,B11,0.055291,2026-04-04T16:28:01+00:00,full_5check
256,B11,0.057791,2026-04-04T16:28:01+00:00,full_5check
257,B11,0.055167,2026-04-04T16:28:01+00:00,full_5check
258,B11,0.055000,2026-04-04T16:28:01+00:00,full_5check
259,B11,0.054875,2026-04-04T16:28:01+00:00,full_5check
260,B11,0.055250,2026-04-04T16:28:01+00:00,full_5check
261,B11,0.054958,2026-04-04T16:28:01+00:00,full_5check
262,B11,0.055500,2026-04-04T16:28:01+00:00,full_5check
263,B11,0.055042,2026-04-04T16:28:01+00:00,full_5check
264,B11,0.055042,2026-04-04T16:28:01+00:00,full_5check
265,B11,0.055083,2026-04-04T16:28:01+00:00,full_5check
266,B11,0.055125,2026-04-04T16:28:01+00:00,full_5check
267,B11,0.055375,2026-04-04T16:28:01+00:00,full_5check
268,B11,0.055042,2026-04-04T16:28:01+00:00,full_5check
269,B11,0.055334,2026-04-04T16:28:01+00:00,full_5check
270,B11,0.055166,2026-04-04T16:28:01+00:00,full_5check
271,B11,0.055542,2026-04-04T16:28:01+00:00,full_5check
272,B11,0.055292,2026-04-04T16:28:01+00:00,full_5check
273,B11,0.055000,2026-04-04T16:28:01+00:00,full_5check
274,B11,0.055000,2026-04-04T16:28:01+00:00,full_5check
275,B11,0.055209,2026-04-04T16:28:01+00:00,full_5check
276,B11,0.055208,2026-04-04T16:28:01+00:00,full_5check
277,B11,0.055750,2026-04-04T16:28:01+00:00,full_5check
278,B11,0.055083,2026-04-04T16:28:01+00:00,full_5check
279,B11,0.055292,2026-04-04T16:28:01+00:00,full_5check
280,B11,0.055458,2026-04-04T16:28:01+00:00,full_5check
281,B11,0.055041,2026-04-04T16:28:01+00:00,full_5check
282,B11,0.055916,2026-04-04T16:28:01+00:00,full_5check
283,B11,0.055291,2026-04-04T16:28:01+00:00,full_5check
284,B11,0.055000,2026-04-04T16:28:01+00:00,full_5check
285,B11,0.055000,2026-04-04T16:28:01+00:00,full_5check
286,B11,0.055084,2026-04-04T16:28:01+00:00,full_5check
287,B11,0.055166,2026-04-04T16:28:01+00:00,full_5check
288,B11,0.055000,2026-04-04T16:28:01+00:00,full_5check
289,B11,0.055250,2026-04-04T16:28:01+00:00,full_5check
290,B11,0.055125,2026-04-04T16:28:01+00:00,full_5check
291,B11,0.055167,2026-04-04T16:28:01+00:00,full_5check
292,B11,0.055250,2026-04-04T16:28:01+00:00,full_5check
293,B11,0.055083,2026-04-04T16:28:01+00:00,full_5check
294,B11,0.055042,2026-04-04T16:28:01+00:00,full_5check
295,B11,0.055333,2026-04-04T16:28:01+00:00,full_5check
296,B11,0.055208,2026-04-04T16:28:01+00:00,full_5check
297,B11,0.055125,2026-04-04T16:28:01+00:00,full_5check
298,B11,0.055000,2026-04-04T16:28:01+00:00,full_5check
299,B11,0.054959,2026-04-04T16:28:01+00:00,full_5check
300,B11,0.055209,2026-04-04T16:28:01+00:00,full_5check
301,B11,0.055208,2026-04-04T16:28:01+00:00,full_5check
302,B11,0.055167,2026-04-04T16:28:01+00:00,full_5check
303,B11,0.055166,2026-04-04T16:28:01+00:00,full_5check
304,B11,0.055125,2026-04-04T16:28:01+00:00,full_5check
305,B11,0.055125,2026-04-04T16:28:01+00:00,full_5check
306,B11,0.055125,2026-04-04T16:28:01+00:00,full_5check
307,B11,0.055083,2026-04-04T16:28:01+00:00,full_5check
308,B11,0.055458,2026-04-04T16:28:01+00:00,full_5check
309,B11,0.056209,2026-04-04T16:28:01+00:00,full_5check
310,B11,0.054666,2026-04-04T16:28:01+00:00,full_5check
311,B11,0.055042,2026-04-04T16:28:01+00:00,full_5check
312,B11,0.054916,2026-04-04T16:28:01+00:00,full_5check
313,B11,0.055667,2026-04-04T16:28:01+00:00,full_5check
314,B11,0.055875,2026-04-04T16:28:01+00:00,full_5check
315,B11,0.055458,2026-04-04T16:28:01+00:00,full_5check
316,B11,0.055000,2026-04-04T16:28:01+00:00,full_5check
317,B11,0.055000,2026-04-04T16:28:01+00:00,full_5check
318,B11,0.055167,2026-04-04T16:28:01+00:00,full_5check
319,B11,0.055125,2026-04-04T16:28:01+00:00,full_5check
320,B11,0.055042,2026-04-04T16:28:01+00:00,full_5check
321,B11,0.055041,2026-04-04T16:28:01+00:00,full_5check
322,B11,0.054959,2026-04-04T16:28:01+00:00,full_5check
323,B11,0.055208,2026-04-04T16:28:01+00:00,full_5check
324,B11,0.054750,2026-04-04T16:28:01+00:00,full_5check
325,B11,0.055125,2026-04-04T16:28:01+00:00,full_5check
326,B11,0.055084,2026-04-04T16:28:01+00:00,full_5check
327,B11,0.054875,2026-04-04T16:28:01+00:00,full_5check
328,B11,0.055125,2026-04-04T16:28:01+00:00,full_5check
329,B11,0.055041,2026-04-04T16:28:01+00:00,full_5check
330,B11,0.055000,2026-04-04T16:28:01+00:00,full_5check
331,B11,0.054958,2026-04-04T16:28:01+00:00,full_5check
332,B11,0.055209,2026-04-04T16:28:01+00:00,full_5check
333,B11,0.055166,2026-04-04T16:28:01+00:00,full_5check
334,B11,0.055125,2026-04-04T16:28:01+00:00,full_5check
335,B11,0.057667,2026-04-04T16:28:01+00:00,full_5check
336,B11,0.055250,2026-04-04T16:28:01+00:00,full_5check
337,B11,0.067417,2026-04-04T16:28:01+00:00,full_5check
338,B11,0.056458,2026-04-04T16:28:01+00:00,full_5check
339,B11,0.056584,2026-04-04T16:28:01+00:00,full_5check
340,B11,0.058291,2026-04-04T16:28:01+00:00,full_5check
341,B11,0.055250,2026-04-04T16:28:01+00:00,full_5check
342,B11,0.055166,2026-04-04T16:28:01+00:00,full_5check
343,B11,0.056000,2026-04-04T16:28:01+00:00,full_5check
344,B11,0.055041,2026-04-04T16:28:01+00:00,full_5check
345,B11,0.055041,2026-04-04T16:28:01+00:00,full_5check
346,B11,0.055292,2026-04-04T16:28:01+00:00,full_5check
347,B11,0.055000,2026-04-04T16:28:01+00:00,full_5check
348,B11,0.055167,2026-04-04T16:28:01+00:00,full_5check
349,B11,0.055250,2026-04-04T16:28:01+00:00,full_5check
350,B11,0.055417,2026-04-04T16:28:01+00:00,full_5check
351,B11,0.055666,2026-04-04T16:28:01+00:00,full_5check
352,B11,0.055208,2026-04-04T16:28:01+00:00,full_5check
353,B11,0.055625,2026-04-04T16:28:01+00:00,full_5check
354,B11,0.055291,2026-04-04T16:28:01+00:00,full_5check
355,B11,0.055375,2026-04-04T16:28:01+00:00,full_5check
356,B11,0.055208,2026-04-04T16:28:01+00:00,full_5check
357,B11,0.054917,2026-04-04T16:28:01+00:00,full_5check
358,B11,0.054958,2026-04-04T16:28:01+00:00,full_5check
359,B11,0.055000,2026-04-04T16:28:01+00:00,full_5check
360,B11,0.055291,2026-04-04T16:28:01+00:00,full_5check
361,B11,0.055375,2026-04-04T16:28:01+00:00,full_5check
362,B11,0.055042,2026-04-04T16:28:01+00:00,full_5check
363,B11,0.055333,2026-04-04T16:28:01+00:00,full_5check
364,B11,0.055125,2026-04-04T16:28:01+00:00,full_5check
365,B11,0.055041,2026-04-04T16:28:01+00:00,full_5check
366,B11,0.055209,2026-04-04T16:28:01+00:00,full_5check
367,B11,0.055208,2026-04-04T16:28:01+00:00,full_5check
368,B11,0.055334,2026-04-04T16:28:01+00:00,full_5check
369,B11,0.054875,2026-04-04T16:28:01+00:00,full_5check
370,B11,0.055292,2026-04-04T16:28:01+00:00,full_5check
371,B11,0.055250,2026-04-04T16:28:01+00:00,full_5check
372,B11,0.055250,2026-04-04T16:28:01+00:00,full_5check
373,B11,0.055250,2026-04-04T16:28:01+00:00,full_5check
374,B11,0.055250,2026-04-04T16:28:01+00:00,full_5check
375,B11,0.063166,2026-04-04T16:28:01+00:00,full_5check
376,B11,0.055459,2026-04-04T16:28:01+00:00,full_5check
377,B11,0.055541,2026-04-04T16:28:01+00:00,full_5check
378,B11,0.054875,2026-04-04T16:28:01+00:00,full_5check
379,B11,0.055208,2026-04-04T16:28:01+00:00,full_5check
380,B11,0.055000,2026-04-04T16:28:01+00:00,full_5check
381,B11,0.055375,2026-04-04T16:28:01+00:00,full_5check
382,B11,0.055000,2026-04-04T16:28:01+00:00,full_5check
383,B11,0.055000,2026-04-04T16:28:01+00:00,full_5check
384,B11,0.057625,2026-04-04T16:28:01+00:00,full_5check
385,B11,0.055167,2026-04-04T16:28:01+00:00,full_5check
386,B11,0.063125,2026-04-04T16:28:01+00:00,full_5check
387,B11,0.067333,2026-04-04T16:28:01+00:00,full_5check
388,B11,0.055875,2026-04-04T16:28:01+00:00,full_5check
389,B11,0.055709,2026-04-04T16:28:01+00:00,full_5check
390,B11,0.055333,2026-04-04T16:28:01+00:00,full_5check
391,B11,0.055583,2026-04-04T16:28:01+00:00,full_5check
392,B11,0.055292,2026-04-04T16:28:01+00:00,full_5check
393,B11,0.055250,2026-04-04T16:28:01+00:00,full_5check
394,B11,0.055375,2026-04-04T16:28:01+00:00,full_5check
395,B11,0.055000,2026-04-04T16:28:01+00:00,full_5check
396,B11,0.055250,2026-04-04T16:28:01+00:00,full_5check
397,B11,0.062250,2026-04-04T16:28:01+00:00,full_5check
398,B11,0.061791,2026-04-04T16:28:01+00:00,full_5check
399,B11,0.061834,2026-04-04T16:28:01+00:00,full_5check
400,B11,0.058417,2026-04-04T16:28:01+00:00,full_5check
401,B11,0.055750,2026-04-04T16:28:01+00:00,full_5check
402,B11,0.055125,2026-04-04T16:28:01+00:00,full_5check
403,B11,0.055250,2026-04-04T16:28:01+00:00,full_5check
404,B11,0.055041,2026-04-04T16:28:01+00:00,full_5check
405,B11,0.055417,2026-04-04T16:28:01+00:00,full_5check
406,B11,0.055208,2026-04-04T16:28:01+00:00,full_5check
407,B11,0.055125,2026-04-04T16:28:01+00:00,full_5check
408,B11,0.054792,2026-04-04T16:28:01+00:00,full_5check
409,B11,0.056125,2026-04-04T16:28:01+00:00,full_5check
410,B11,0.055333,2026-04-04T16:28:01+00:00,full_5check
411,B11,0.054917,2026-04-04T16:28:01+00:00,full_5check
412,B11,0.055500,2026-04-04T16:28:01+00:00,full_5check
413,B11,0.057791,2026-04-04T16:28:01+00:00,full_5check
414,B11,0.055167,2026-04-04T16:28:01+00:00,full_5check
415,B11,0.054875,2026-04-04T16:28:01+00:00,full_5check
416,B11,0.054916,2026-04-04T16:28:01+00:00,full_5check
417,B11,0.054917,2026-04-04T16:28:01+00:00,full_5check
418,B11,0.055250,2026-04-04T16:28:01+00:00,full_5check
419,B11,0.055000,2026-04-04T16:28:01+00:00,full_5check
420,B11,0.060708,2026-04-04T16:28:01+00:00,full_5check
421,B11,0.055084,2026-04-04T16:28:01+00:00,full_5check
422,B11,0.061917,2026-04-04T16:28:01+00:00,full_5check
423,B11,0.059000,2026-04-04T16:28:01+00:00,full_5check
424,B11,0.055250,2026-04-04T16:28:01+00:00,full_5check
425,B11,0.055209,2026-04-04T16:28:01+00:00,full_5check
426,B11,0.055083,2026-04-04T16:28:01+00:00,full_5check
427,B11,0.060417,2026-04-04T16:28:01+00:00,full_5check
428,B11,0.055292,2026-04-04T16:28:01+00:00,full_5check
429,B11,0.061458,2026-04-04T16:28:01+00:00,full_5check
430,B11,0.055750,2026-04-04T16:28:01+00:00,full_5check
431,B11,0.056000,2026-04-04T16:28:01+00:00,full_5check
432,B11,0.055167,2026-04-04T16:28:01+00:00,full_5check
433,B11,0.054958,2026-04-04T16:28:01+00:00,full_5check
434,B11,0.054875,2026-04-04T16:28:01+00:00,full_5check
435,B11,0.055375,2026-04-04T16:28:01+00:00,full_5check
436,B11,0.054459,2026-04-04T16:28:01+00:00,full_5check
437,B11,0.054666,2026-04-04T16:28:01+00:00,full_5check
438,B11,0.054750,2026-04-04T16:28:01+00:00,full_5check
439,B11,0.054959,2026-04-04T16:28:01+00:00,full_5check
440,B11,0.054709,2026-04-04T16:28:01+00:00,full_5check
441,B11,0.054500,2026-04-04T16:28:01+00:00,full_5check
442,B11,0.055084,2026-04-04T16:28:01+00:00,full_5check
443,B11,0.055125,2026-04-04T16:28:01+00:00,full_5check
444,B11,0.055041,2026-04-04T16:28:01+00:00,full_5check
445,B11,0.054959,2026-04-04T16:28:01+00:00,full_5check
446,B11,0.055166,2026-04-04T16:28:01+00:00,full_5check
447,B11,0.054917,2026-04-04T16:28:01+00:00,full_5check
448,B11,0.055125,2026-04-04T16:28:01+00:00,full_5check
449,B11,0.055084,2026-04-04T16:28:01+00:00,full_5check
450,B11,0.055209,2026-04-04T16:28:01+00:00,full_5check
451,B11,0.054791,2026-04-04T16:28:01+00:00,full_5check
452,B11,0.055292,2026-04-04T16:28:01+00:00,full_5check
453,B11,0.055167,2026-04-04T16:28:01+00:00,full_5check
454,B11,0.055166,2026-04-04T16:28:01+00:00,full_5check
455,B11,0.054959,2026-04-04T16:28:01+00:00,full_5check
456,B11,0.055083,2026-04-04T16:28:01+00:00,full_5check
457,B11,0.055458,2026-04-04T16:28:01+00:00,full_5check
458,B11,0.055000,2026-04-04T16:28:01+00:00,full_5check
459,B11,0.055292,2026-04-04T16:28:01+00:00,full_5check
460,B11,0.055458,2026-04-04T16:28:01+00:00,full_5check
461,B11,0.055167,2026-04-04T16:28:01+00:00,full_5check
462,B11,0.055083,2026-04-04T16:28:01+00:00,full_5check
463,B11,0.055083,2026-04-04T16:28:01+00:00,full_5check
464,B11,0.055292,2026-04-04T16:28:01+00:00,full_5check
465,B11,0.055083,2026-04-04T16:28:01+00:00,full_5check
466,B11,0.054959,2026-04-04T16:28:01+00:00,full_5check
467,B11,0.054791,2026-04-04T16:28:01+00:00,full_5check
468,B11,0.054958,2026-04-04T16:28:01+00:00,full_5check
469,B11,0.055042,2026-04-04T16:28:01+00:00,full_5check
470,B11,0.055541,2026-04-04T16:28:01+00:00,full_5check
471,B11,0.055042,2026-04-04T16:28:01+00:00,full_5check
472,B11,0.055083,2026-04-04T16:28:01+00:00,full_5check
473,B11,0.055208,2026-04-04T16:28:01+00:00,full_5check
474,B11,0.054958,2026-04-04T16:28:01+00:00,full_5check
475,B11,0.054917,2026-04-04T16:28:01+00:00,full_5check
476,B11,0.054834,2026-04-04T16:28:01+00:00,full_5check
477,B11,0.054958,2026-04-04T16:28:01+00:00,full_5check
478,B11,0.054917,2026-04-04T16:28:01+00:00,full_5check
479,B11,0.055083,2026-04-04T16:28:01+00:00,full_5check
480,B11,0.055084,2026-04-04T16:28:01+00:00,full_5check
481,B11,0.054916,2026-04-04T16:28:01+00:00,full_5check
482,B11,0.054875,2026-04-04T16:28:01+00:00,full_5check
483,B11,0.055958,2026-04-04T16:28:01+00:00,full_5check
484,B11,0.055000,2026-04-04T16:28:01+00:00,full_5check
485,B11,0.055083,2026-04-04T16:28:01+00:00,full_5check
486,B11,0.055417,2026-04-04T16:28:01+00:00,full_5check
487,B11,0.054708,2026-04-04T16:28:01+00:00,full_5check
488,B11,0.055042,2026-04-04T16:28:01+00:00,full_5check
489,B11,0.054875,2026-04-04T16:28:01+00:00,full_5check
490,B11,0.055000,2026-04-04T16:28:01+00:00,full_5check
491,B11,0.055083,2026-04-04T16:28:01+00:00,full_5check
492,B11,0.055083,2026-04-04T16:28:01+00:00,full_5check
493,B11,0.055167,2026-04-04T16:28:01+00:00,full_5check
494,B11,0.055083,2026-04-04T16:28:01+00:00,full_5check
495,B11,0.055417,2026-04-04T16:28:01+00:00,full_5check
496,B11,0.055500,2026-04-04T16:28:01+00:00,full_5check
497,B11,0.055375,2026-04-04T16:28:01+00:00,full_5check
498,B11,0.054958,2026-04-04T16:28:01+00:00,full_5check
499,B11,0.055125,2026-04-04T16:28:01+00:00,full_5check
500,B11,0.055250,2026-04-04T16:28:01+00:00,full_5check
501,B11,0.055208,2026-04-04T16:28:01+00:00,full_5check
502,B11,0.055250,2026-04-04T16:28:01+00:00,full_5check
503,B11,0.055125,2026-04-04T16:28:01+00:00,full_5check
504,B11,0.055167,2026-04-04T16:28:01+00:00,full_5check
505,B11,0.055208,2026-04-04T16:28:01+00:00,full_5check
506,B11,0.055167,2026-04-04T16:28:01+00:00,full_5check
507,B11,0.054750,2026-04-04T16:28:01+00:00,full_5check
508,B11,0.055042,2026-04-04T16:28:01+00:00,full_5check
509,B11,0.054792,2026-04-04T16:28:01+00:00,full_5check
510,B11,0.054958,2026-04-04T16:28:01+00:00,full_5check
511,B11,0.055292,2026-04-04T16:28:01+00:00,full_5check
512,B11,0.055125,2026-04-04T16:28:01+00:00,full_5check
513,B11,0.055125,2026-04-04T16:28:01+00:00,full_5check
514,B11,0.054584,2026-04-04T16:28:01+00:00,full_5check
515,B11,0.055084,2026-04-04T16:28:01+00:00,full_5check
516,B11,0.055000,2026-04-04T16:28:01+00:00,full_5check
517,B11,0.054791,2026-04-04T16:28:01+00:00,full_5check
518,B11,0.057709,2026-04-04T16:28:01+00:00,full_5check
519,B11,0.055000,2026-04-04T16:28:01+00:00,full_5check
520,B11,0.055125,2026-04-04T16:28:01+00:00,full_5check
521,B11,0.055458,2026-04-04T16:28:01+00:00,full_5check
522,B11,0.054708,2026-04-04T16:28:01+00:00,full_5check
523,B11,0.055000,2026-04-04T16:28:01+00:00,full_5check
524,B11,0.054834,2026-04-04T16:28:01+00:00,full_5check
525,B11,0.054875,2026-04-04T16:28:01+00:00,full_5check
526,B11,0.055208,2026-04-04T16:28:01+00:00,full_5check
527,B11,0.054834,2026-04-04T16:28:01+00:00,full_5check
528,B11,0.055000,2026-04-04T16:28:01+00:00,full_5check
529,B11,0.054833,2026-04-04T16:28:01+00:00,full_5check
530,B11,0.054708,2026-04-04T16:28:01+00:00,full_5check
531,B11,0.054709,2026-04-04T16:28:01+00:00,full_5check
532,B11,0.055125,2026-04-04T16:28:01+00:00,full_5check
533,B11,0.055042,2026-04-04T16:28:01+00:00,full_5check
534,B11,0.055167,2026-04-04T16:28:01+00:00,full_5check
535,B11,0.054917,2026-04-04T16:28:01+00:00,full_5check
536,B11,0.054958,2026-04-04T16:28:01+00:00,full_5check
537,B11,0.054917,2026-04-04T16:28:01+00:00,full_5check
538,B11,0.055083,2026-04-04T16:28:01+00:00,full_5check
539,B11,0.054917,2026-04-04T16:28:01+00:00,full_5check
540,B11,0.055167,2026-04-04T16:28:01+00:00,full_5check
541,B11,0.055000,2026-04-04T16:28:01+00:00,full_5check
542,B11,0.055041,2026-04-04T16:28:01+00:00,full_5check
543,B11,0.054959,2026-04-04T16:28:01+00:00,full_5check
544,B11,0.055125,2026-04-04T16:28:01+00:00,full_5check
545,B11,0.054792,2026-04-04T16:28:01+00:00,full_5check
546,B11,0.054750,2026-04-04T16:28:01+00:00,full_5check
547,B11,0.055042,2026-04-04T16:28:01+00:00,full_5check
548,B11,0.054917,2026-04-04T16:28:01+00:00,full_5check
549,B11,0.055083,2026-04-04T16:28:01+00:00,full_5check
550,B11,0.054833,2026-04-04T16:28:01+00:00,full_5check
551,B11,0.055167,2026-04-04T16:28:01+00:00,full_5check
552,B11,0.055208,2026-04-04T16:28:01+00:00,full_5check
553,B11,0.054916,2026-04-04T16:28:01+00:00,full_5check
554,B11,0.054666,2026-04-04T16:28:01+00:00,full_5check
555,B11,0.054917,2026-04-04T16:28:01+00:00,full_5check
556,B11,0.055083,2026-04-04T16:28:01+00:00,full_5check
557,B11,0.054959,2026-04-04T16:28:01+00:00,full_5check
558,B11,0.054833,2026-04-04T16:28:01+00:00,full_5check
559,B11,0.054875,2026-04-04T16:28:01+00:00,full_5check
560,B11,0.054834,2026-04-04T16:28:01+00:00,full_5check
561,B11,0.055250,2026-04-04T16:28:01+00:00,full_5check
562,B11,0.054666,2026-04-04T16:28:01+00:00,full_5check
563,B11,0.054792,2026-04-04T16:28:01+00:00,full_5check
564,B11,0.055125,2026-04-04T16:28:01+00:00,full_5check
565,B11,0.054792,2026-04-04T16:28:01+00:00,full_5check
566,B11,0.055208,2026-04-04T16:28:01+00:00,full_5check
567,B11,0.055041,2026-04-04T16:28:01+00:00,full_5check
568,B11,0.055250,2026-04-04T16:28:01+00:00,full_5check
569,B11,0.055541,2026-04-04T16:28:01+00:00,full_5check
570,B11,0.055666,2026-04-04T16:28:01+00:00,full_5check
571,B11,0.058209,2026-04-04T16:28:01+00:00,full_5check
572,B11,0.055000,2026-04-04T16:28:01+00:00,full_5check
573,B11,0.055292,2026-04-04T16:28:01+00:00,full_5check
574,B11,0.054917,2026-04-04T16:28:01+00:00,full_5check
575,B11,0.055125,2026-04-04T16:28:01+00:00,full_5check
576,B11,0.054666,2026-04-04T16:28:01+00:00,full_5check
577,B11,0.055042,2026-04-04T16:28:01+00:00,full_5check
578,B11,0.054917,2026-04-04T16:28:01+00:00,full_5check
579,B11,0.055250,2026-04-04T16:28:01+00:00,full_5check
580,B11,0.054833,2026-04-04T16:28:01+00:00,full_5check
581,B11,0.054959,2026-04-04T16:28:01+00:00,full_5check
582,B11,0.054750,2026-04-04T16:28:01+00:00,full_5check
583,B11,0.054750,2026-04-04T16:28:01+00:00,full_5check
584,B11,0.054792,2026-04-04T16:28:01+00:00,full_5check
585,B11,0.054875,2026-04-04T16:28:01+00:00,full_5check
586,B11,0.054750,2026-04-04T16:28:01+00:00,full_5check
587,B11,0.054833,2026-04-04T16:28:01+00:00,full_5check
588,B11,0.054833,2026-04-04T16:28:01+00:00,full_5check
589,B11,0.055084,2026-04-04T16:28:01+00:00,full_5check
590,B11,0.054917,2026-04-04T16:28:01+00:00,full_5check
591,B11,0.054958,2026-04-04T16:28:01+00:00,full_5check
592,B11,0.054666,2026-04-04T16:28:01+00:00,full_5check
593,B11,0.055125,2026-04-04T16:28:01+00:00,full_5check
594,B11,0.054667,2026-04-04T16:28:01+00:00,full_5check
595,B11,0.055167,2026-04-04T16:28:01+00:00,full_5check
596,B11,0.054875,2026-04-04T16:28:01+00:00,full_5check
597,B11,0.054666,2026-04-04T16:28:01+00:00,full_5check
598,B11,0.054959,2026-04-04T16:28:01+00:00,full_5check
599,B11,0.054791,2026-04-04T16:28:01+00:00,full_5check
600,B11,0.067000,2026-04-04T16:28:01+00:00,full_5check
601,B11,0.056042,2026-04-04T16:28:01+00:00,full_5check
602,B11,0.054917,2026-04-04T16:28:01+00:00,full_5check
603,B11,0.055042,2026-04-04T16:28:01+00:00,full_5check
604,B11,0.054958,2026-04-04T16:28:01+00:00,full_5check
605,B11,0.055167,2026-04-04T16:28:01+00:00,full_5check
606,B11,0.055084,2026-04-04T16:28:01+00:00,full_5check
607,B11,0.055083,2026-04-04T16:28:01+00:00,full_5check
608,B11,0.055000,2026-04-04T16:28:01+00:00,full_5check
609,B11,0.055417,2026-04-04T16:28:01+00:00,full_5check
610,B11,0.055292,2026-04-04T16:28:01+00:00,full_5check
611,B11,0.055125,2026-04-04T16:28:01+00:00,full_5check
612,B11,0.057459,2026-04-04T16:28:01+00:00,full_5check
613,B11,0.055083,2026-04-04T16:28:01+00:00,full_5check
614,B11,0.055125,2026-04-04T16:28:01+00:00,full_5check
615,B11,0.055042,2026-04-04T16:28:01+00:00,full_5check
616,B11,0.054875,2026-04-04T16:28:01+00:00,full_5check
617,B11,0.055125,2026-04-04T16:28:01+00:00,full_5check
618,B11,0.055333,2026-04-04T16:28:01+00:00,full_5check
619,B11,0.055250,2026-04-04T16:28:01+00:00,full_5check
620,B11,0.055041,2026-04-04T16:28:01+00:00,full_5check
621,B11,0.055125,2026-04-04T16:28:01+00:00,full_5check
622,B11,0.054916,2026-04-04T16:28:01+00:00,full_5check
623,B11,0.054958,2026-04-04T16:28:01+00:00,full_5check
624,B11,0.054875,2026-04-04T16:28:01+00:00,full_5check
625,B11,0.055208,2026-04-04T16:28:01+00:00,full_5check
626,B11,0.055000,2026-04-04T16:28:01+00:00,full_5check
627,B11,0.054959,2026-04-04T16:28:01+00:00,full_5check
628,B11,0.054958,2026-04-04T16:28:01+00:00,full_5check
629,B11,0.055042,2026-04-04T16:28:01+00:00,full_5check
630,B11,0.055125,2026-04-04T16:28:01+00:00,full_5check
631,B11,0.055250,2026-04-04T16:28:01+00:00,full_5check
632,B11,0.055042,2026-04-04T16:28:01+00:00,full_5check
633,B11,0.057625,2026-04-04T16:28:01+00:00,full_5check
634,B11,0.054792,2026-04-04T16:28:01+00:00,full_5check
635,B11,0.055250,2026-04-04T16:28:01+00:00,full_5check
636,B11,0.062917,2026-04-04T16:28:01+00:00,full_5check
637,B11,0.055417,2026-04-04T16:28:01+00:00,full_5check
638,B11,0.055416,2026-04-04T16:28:01+00:00,full_5check
639,B11,0.055958,2026-04-04T16:28:01+00:00,full_5check
640,B11,0.055000,2026-04-04T16:28:01+00:00,full_5check
641,B11,0.055625,2026-04-04T16:28:01+00:00,full_5check
642,B11,0.055208,2026-04-04T16:28:01+00:00,full_5check
643,B11,0.054917,2026-04-04T16:28:01+00:00,full_5check
644,B11,0.055167,2026-04-04T16:28:01+00:00,full_5check
645,B11,0.055416,2026-04-04T16:28:01+00:00,full_5check
646,B11,0.055250,2026-04-04T16:28:01+00:00,full_5check
647,B11,0.055250,2026-04-04T16:28:01+00:00,full_5check
648,B11,0.055250,2026-04-04T16:28:01+00:00,full_5check
649,B11,0.055500,2026-04-04T16:28:01+00:00,full_5check
650,B11,0.055375,2026-04-04T16:28:01+00:00,full_5check
651,B11,0.057791,2026-04-04T16:28:01+00:00,full_5check
652,B11,0.055167,2026-04-04T16:28:01+00:00,full_5check
653,B11,0.055250,2026-04-04T16:28:01+00:00,full_5check
654,B11,0.054708,2026-04-04T16:28:01+00:00,full_5check
655,B11,0.054916,2026-04-04T16:28:01+00:00,full_5check
656,B11,0.055000,2026-04-04T16:28:01+00:00,full_5check
657,B11,0.055083,2026-04-04T16:28:01+00:00,full_5check
658,B11,0.054625,2026-04-04T16:28:01+00:00,full_5check
659,B11,0.055125,2026-04-04T16:28:01+00:00,full_5check
660,B11,0.055125,2026-04-04T16:28:01+00:00,full_5check
661,B11,0.055042,2026-04-04T16:28:01+00:00,full_5check
662,B11,0.054917,2026-04-04T16:28:01+00:00,full_5check
663,B11,0.054959,2026-04-04T16:28:01+00:00,full_5check
664,B11,0.055333,2026-04-04T16:28:01+00:00,full_5check
665,B11,0.054917,2026-04-04T16:28:01+00:00,full_5check
666,B11,0.054958,2026-04-04T16:28:01+00:00,full_5check
667,B11,0.054792,2026-04-04T16:28:01+00:00,full_5check
668,B11,0.055125,2026-04-04T16:28:01+00:00,full_5check
669,B11,0.055125,2026-04-04T16:28:01+00:00,full_5check
670,B11,0.054875,2026-04-04T16:28:01+00:00,full_5check
671,B11,0.055084,2026-04-04T16:28:01+00:00,full_5check
672,B11,0.055000,2026-04-04T16:28:01+00:00,full_5check
673,B11,0.055083,2026-04-04T16:28:01+00:00,full_5check
674,B11,0.054833,2026-04-04T16:28:01+00:00,full_5check
675,B11,0.054584,2026-04-04T16:28:01+00:00,full_5check
676,B11,0.054833,2026-04-04T16:28:01+00:00,full_5check
677,B11,0.054917,2026-04-04T16:28:01+00:00,full_5check
678,B11,0.055333,2026-04-04T16:28:01+00:00,full_5check
679,B11,0.055084,2026-04-04T16:28:01+00:00,full_5check
680,B11,0.055000,2026-04-04T16:28:01+00:00,full_5check
681,B11,0.055208,2026-04-04T16:28:01+00:00,full_5check
682,B11,0.054917,2026-04-04T16:28:01+00:00,full_5check
683,B11,0.055000,2026-04-04T16:28:01+00:00,full_5check
684,B11,0.055042,2026-04-04T16:28:01+00:00,full_5check
685,B11,0.055041,2026-04-04T16:28:01+00:00,full_5check
686,B11,0.054791,2026-04-04T16:28:01+00:00,full_5check
687,B11,0.055125,2026-04-04T16:28:01+00:00,full_5check
688,B11,0.054875,2026-04-04T16:28:01+00:00,full_5check
689,B11,0.055083,2026-04-04T16:28:01+00:00,full_5check
690,B11,0.055042,2026-04-04T16:28:01+00:00,full_5check
691,B11,0.057750,2026-04-04T16:28:01+00:00,full_5check
692,B11,0.055000,2026-04-04T16:28:01+00:00,full_5check
693,B11,0.055000,2026-04-04T16:28:01+00:00,full_5check
694,B11,0.054833,2026-04-04T16:28:01+00:00,full_5check
695,B11,0.055042,2026-04-04T16:28:01+00:00,full_5check
696,B11,0.055083,2026-04-04T16:28:01+00:00,full_5check
697,B11,0.055291,2026-04-04T16:28:01+00:00,full_5check
698,B11,0.055042,2026-04-04T16:28:01+00:00,full_5check
699,B11,0.054750,2026-04-04T16:28:01+00:00,full_5check
700,B11,0.054833,2026-04-04T16:28:01+00:00,full_5check
701,B11,0.055167,2026-04-04T16:28:01+00:00,full_5check
702,B11,0.054833,2026-04-04T16:28:01+00:00,full_5check
703,B11,0.055167,2026-04-04T16:28:01+00:00,full_5check
704,B11,0.055333,2026-04-04T16:28:01+00:00,full_5check
705,B11,0.055041,2026-04-04T16:28:01+00:00,full_5check
706,B11,0.055041,2026-04-04T16:28:01+00:00,full_5check
707,B11,0.057791,2026-04-04T16:28:01+00:00,full_5check
708,B11,0.054875,2026-04-04T16:28:01+00:00,full_5check
709,B11,0.054792,2026-04-04T16:28:01+00:00,full_5check
710,B11,0.054958,2026-04-04T16:28:01+00:00,full_5check
711,B11,0.055250,2026-04-04T16:28:01+00:00,full_5check
712,B11,0.054958,2026-04-04T16:28:01+00:00,full_5check
713,B11,0.054875,2026-04-04T16:28:01+00:00,full_5check
714,B11,0.055125,2026-04-04T16:28:01+00:00,full_5check
715,B11,0.054959,2026-04-04T16:28:01+00:00,full_5check
716,B11,0.055166,2026-04-04T16:28:01+00:00,full_5check
717,B11,0.055167,2026-04-04T16:28:01+00:00,full_5check
718,B11,0.055042,2026-04-04T16:28:01+00:00,full_5check
719,B11,0.055167,2026-04-04T16:28:01+00:00,full_5check
720,B11,0.055125,2026-04-04T16:28:01+00:00,full_5check
721,B11,0.055042,2026-04-04T16:28:01+00:00,full_5check
722,B11,0.055000,2026-04-04T16:28:01+00:00,full_5check
723,B11,0.055125,2026-04-04T16:28:01+00:00,full_5check
724,B11,0.055000,2026-04-04T16:28:01+00:00,full_5check
725,B11,0.055333,2026-04-04T16:28:01+00:00,full_5check
726,B11,0.055084,2026-04-04T16:28:01+00:00,full_5check
727,B11,0.054708,2026-04-04T16:28:01+00:00,full_5check
728,B11,0.055167,2026-04-04T16:28:01+00:00,full_5check
729,B11,0.055459,2026-04-04T16:28:01+00:00,full_5check
730,B11,0.055625,2026-04-04T16:28:01+00:00,full_5check
731,B11,0.055250,2026-04-04T16:28:01+00:00,full_5check
732,B11,0.054708,2026-04-04T16:28:01+00:00,full_5check
733,B11,0.054625,2026-04-04T16:28:01+00:00,full_5check
734,B11,0.054917,2026-04-04T16:28:01+00:00,full_5check
735,B11,0.054958,2026-04-04T16:28:01+00:00,full_5check
736,B11,0.055042,2026-04-04T16:28:01+00:00,full_5check
737,B11,0.055041,2026-04-04T16:28:01+00:00,full_5check
738,B11,0.054875,2026-04-04T16:28:01+00:00,full_5check
739,B11,0.054916,2026-04-04T16:28:01+00:00,full_5check
740,B11,0.055042,2026-04-04T16:28:01+00:00,full_5check
741,B11,0.054917,2026-04-04T16:28:01+00:00,full_5check
742,B11,0.055166,2026-04-04T16:28:01+00:00,full_5check
743,B11,0.055125,2026-04-04T16:28:01+00:00,full_5check
744,B11,0.054958,2026-04-04T16:28:01+00:00,full_5check
745,B11,0.055083,2026-04-04T16:28:01+00:00,full_5check
746,B11,0.055000,2026-04-04T16:28:01+00:00,full_5check
747,B11,0.055125,2026-04-04T16:28:01+00:00,full_5check
748,B11,0.054791,2026-04-04T16:28:01+00:00,full_5check
749,B11,0.054875,2026-04-04T16:28:01+00:00,full_5check
750,B11,0.055542,2026-04-04T16:28:01+00:00,full_5check
751,B11,0.055250,2026-04-04T16:28:01+00:00,full_5check
752,B11,0.055042,2026-04-04T16:28:01+00:00,full_5check
753,B11,0.055584,2026-04-04T16:28:01+00:00,full_5check
754,B11,0.055000,2026-04-04T16:28:01+00:00,full_5check
755,B11,0.055208,2026-04-04T16:28:01+00:00,full_5check
756,B11,0.055042,2026-04-04T16:28:01+00:00,full_5check
757,B11,0.054750,2026-04-04T16:28:01+00:00,full_5check
758,B11,0.054709,2026-04-04T16:28:01+00:00,full_5check
759,B11,0.054750,2026-04-04T16:28:01+00:00,full_5check
760,B11,0.055041,2026-04-04T16:28:01+00:00,full_5check
761,B11,0.055333,2026-04-04T16:28:01+00:00,full_5check
762,B11,0.054750,2026-04-04T16:28:01+00:00,full_5check
763,B11,0.054959,2026-04-04T16:28:01+00:00,full_5check
764,B11,0.055250,2026-04-04T16:28:01+00:00,full_5check
765,B11,0.054750,2026-04-04T16:28:01+00:00,full_5check
766,B11,0.054666,2026-04-04T16:28:01+00:00,full_5check
767,B11,0.054792,2026-04-04T16:28:01+00:00,full_5check
768,B11,0.055208,2026-04-04T16:28:01+00:00,full_5check
769,B11,0.055000,2026-04-04T16:28:01+00:00,full_5check
770,B11,0.054792,2026-04-04T16:28:01+00:00,full_5check
771,B11,0.055125,2026-04-04T16:28:01+00:00,full_5check
772,B11,0.055208,2026-04-04T16:28:01+00:00,full_5check
773,B11,0.055667,2026-04-04T16:28:01+00:00,full_5check
774,B11,0.055416,2026-04-04T16:28:01+00:00,full_5check
775,B11,0.055000,2026-04-04T16:28:01+00:00,full_5check
776,B11,0.055042,2026-04-04T16:28:01+00:00,full_5check
777,B11,0.055000,2026-04-04T16:28:01+00:00,full_5check
778,B11,0.055291,2026-04-04T16:28:01+00:00,full_5check
779,B11,0.055250,2026-04-04T16:28:01+00:00,full_5check
780,B11,0.059667,2026-04-04T16:28:01+00:00,full_5check
781,B11,0.055834,2026-04-04T16:28:01+00:00,full_5check
782,B11,0.055208,2026-04-04T16:28:01+00:00,full_5check
783,B11,0.055542,2026-04-04T16:28:01+00:00,full_5check
784,B11,0.055209,2026-04-04T16:28:01+00:00,full_5check
785,B11,0.058542,2026-04-04T16:28:01+00:00,full_5check
786,B11,0.055917,2026-04-04T16:28:01+00:00,full_5check
787,B11,0.055292,2026-04-04T16:28:01+00:00,full_5check
788,B11,0.055416,2026-04-04T16:28:01+00:00,full_5check
789,B11,0.055375,2026-04-04T16:28:01+00:00,full_5check
790,B11,0.055000,2026-04-04T16:28:01+00:00,full_5check
791,B11,0.055083,2026-04-04T16:28:01+00:00,full_5check
792,B11,0.055417,2026-04-04T16:28:01+00:00,full_5check
793,B11,0.055125,2026-04-04T16:28:01+00:00,full_5check
794,B11,0.055042,2026-04-04T16:28:01+00:00,full_5check
795,B11,0.055166,2026-04-04T16:28:01+00:00,full_5check
796,B11,0.055291,2026-04-04T16:28:01+00:00,full_5check
797,B11,0.055334,2026-04-04T16:28:01+00:00,full_5check
798,B11,0.055500,2026-04-04T16:28:01+00:00,full_5check
799,B11,0.055208,2026-04-04T16:28:01+00:00,full_5check
800,B11,0.055250,2026-04-04T16:28:01+00:00,full_5check
801,B11,0.055084,2026-04-04T16:28:01+00:00,full_5check
802,B11,0.055416,2026-04-04T16:28:01+00:00,full_5check
803,B11,0.055416,2026-04-04T16:28:01+00:00,full_5check
804,B11,0.055334,2026-04-04T16:28:01+00:00,full_5check
805,B11,0.055167,2026-04-04T16:28:01+00:00,full_5check
806,B11,0.055125,2026-04-04T16:28:01+00:00,full_5check
807,B11,0.055583,2026-04-04T16:28:01+00:00,full_5check
808,B11,0.055250,2026-04-04T16:28:01+00:00,full_5check
809,B11,0.055250,2026-04-04T16:28:01+00:00,full_5check
810,B11,0.061584,2026-04-04T16:28:01+00:00,full_5check
811,B11,0.059417,2026-04-04T16:28:01+00:00,full_5check
812,B11,0.062333,2026-04-04T16:28:01+00:00,full_5check
813,B11,0.058459,2026-04-04T16:28:01+00:00,full_5check
814,B11,0.055000,2026-04-04T16:28:01+00:00,full_5check
815,B11,0.055333,2026-04-04T16:28:01+00:00,full_5check
816,B11,0.054917,2026-04-04T16:28:01+00:00,full_5check
817,B11,0.055042,2026-04-04T16:28:01+00:00,full_5check
818,B11,0.055208,2026-04-04T16:28:01+00:00,full_5check
819,B11,0.055000,2026-04-04T16:28:01+00:00,full_5check
820,B11,0.055584,2026-04-04T16:28:01+00:00,full_5check
821,B11,0.055125,2026-04-04T16:28:01+00:00,full_5check
822,B11,0.055041,2026-04-04T16:28:01+00:00,full_5check
823,B11,0.055375,2026-04-04T16:28:01+00:00,full_5check
824,B11,0.055791,2026-04-04T16:28:01+00:00,full_5check
825,B11,0.055500,2026-04-04T16:28:01+00:00,full_5check
826,B11,0.054917,2026-04-04T16:28:01+00:00,full_5check
827,B11,0.055167,2026-04-04T16:28:01+00:00,full_5check
828,B11,0.055166,2026-04-04T16:28:01+00:00,full_5check
829,B11,0.055375,2026-04-04T16:28:01+00:00,full_5check
830,B11,0.054917,2026-04-04T16:28:01+00:00,full_5check
831,B11,0.055583,2026-04-04T16:28:01+00:00,full_5check
832,B11,0.055334,2026-04-04T16:28:01+00:00,full_5check
833,B11,0.055209,2026-04-04T16:28:01+00:00,full_5check
834,B11,0.055417,2026-04-04T16:28:01+00:00,full_5check
835,B11,0.055083,2026-04-04T16:28:01+00:00,full_5check
836,B11,0.055250,2026-04-04T16:28:01+00:00,full_5check
837,B11,0.055333,2026-04-04T16:28:01+00:00,full_5check
838,B11,0.055083,2026-04-04T16:28:01+00:00,full_5check
839,B11,0.055167,2026-04-04T16:28:01+00:00,full_5check
840,B11,0.054958,2026-04-04T16:28:01+00:00,full_5check
841,B11,0.055417,2026-04-04T16:28:01+00:00,full_5check
842,B11,0.055250,2026-04-04T16:28:01+00:00,full_5check
843,B11,0.055083,2026-04-04T16:28:01+00:00,full_5check
844,B11,0.055125,2026-04-04T16:28:01+00:00,full_5check
845,B11,0.055667,2026-04-04T16:28:01+00:00,full_5check
846,B11,0.055333,2026-04-04T16:28:01+00:00,full_5check
847,B11,0.055042,2026-04-04T16:28:01+00:00,full_5check
848,B11,0.055084,2026-04-04T16:28:01+00:00,full_5check
849,B11,0.055125,2026-04-04T16:28:01+00:00,full_5check
850,B11,0.055041,2026-04-04T16:28:01+00:00,full_5check
851,B11,0.055208,2026-04-04T16:28:01+00:00,full_5check
852,B11,0.055042,2026-04-04T16:28:01+00:00,full_5check
853,B11,0.055167,2026-04-04T16:28:01+00:00,full_5check
854,B11,0.055291,2026-04-04T16:28:01+00:00,full_5check
855,B11,0.055250,2026-04-04T16:28:01+00:00,full_5check
856,B11,0.055084,2026-04-04T16:28:01+00:00,full_5check
857,B11,0.055083,2026-04-04T16:28:01+00:00,full_5check
858,B11,0.055250,2026-04-04T16:28:01+00:00,full_5check
859,B11,0.055208,2026-04-04T16:28:01+00:00,full_5check
860,B11,0.055209,2026-04-04T16:28:01+00:00,full_5check
861,B11,0.063292,2026-04-04T16:28:01+00:00,full_5check
862,B11,0.055459,2026-04-04T16:28:01+00:00,full_5check
863,B11,0.055375,2026-04-04T16:28:01+00:00,full_5check
864,B11,0.055250,2026-04-04T16:28:01+00:00,full_5check
865,B11,0.055583,2026-04-04T16:28:01+00:00,full_5check
866,B11,0.054959,2026-04-04T16:28:01+00:00,full_5check
867,B11,0.055208,2026-04-04T16:28:01+00:00,full_5check
868,B11,0.055167,2026-04-04T16:28:01+00:00,full_5check
869,B11,0.055208,2026-04-04T16:28:01+00:00,full_5check
870,B11,0.055250,2026-04-04T16:28:01+00:00,full_5check
871,B11,0.055333,2026-04-04T16:28:01+00:00,full_5check
872,B11,0.055375,2026-04-04T16:28:01+00:00,full_5check
873,B11,0.055458,2026-04-04T16:28:01+00:00,full_5check
874,B11,0.055083,2026-04-04T16:28:01+00:00,full_5check
875,B11,0.054958,2026-04-04T16:28:01+00:00,full_5check
876,B11,0.055333,2026-04-04T16:28:01+00:00,full_5check
877,B11,0.055250,2026-04-04T16:28:01+00:00,full_5check
878,B11,0.054667,2026-04-04T16:28:01+00:00,full_5check
879,B11,0.055208,2026-04-04T16:28:01+00:00,full_5check
880,B11,0.055084,2026-04-04T16:28:01+00:00,full_5check
881,B11,0.055041,2026-04-04T16:28:01+00:00,full_5check
882,B11,0.055125,2026-04-04T16:28:01+00:00,full_5check
883,B11,0.055167,2026-04-04T16:28:01+00:00,full_5check
884,B11,0.064167,2026-04-04T16:28:01+00:00,full_5check
885,B11,0.055542,2026-04-04T16:28:01+00:00,full_5check
886,B11,0.055250,2026-04-04T16:28:01+00:00,full_5check
887,B11,0.055042,2026-04-04T16:28:01+00:00,full_5check
888,B11,0.054875,2026-04-04T16:28:01+00:00,full_5check
889,B11,0.055041,2026-04-04T16:28:01+00:00,full_5check
890,B11,0.054792,2026-04-04T16:28:01+00:00,full_5check
891,B11,0.055208,2026-04-04T16:28:01+00:00,full_5check
892,B11,0.055042,2026-04-04T16:28:01+00:00,full_5check
893,B11,0.055375,2026-04-04T16:28:01+00:00,full_5check
894,B11,0.055042,2026-04-04T16:28:01+00:00,full_5check
895,B11,0.055166,2026-04-04T16:28:01+00:00,full_5check
896,B11,0.055166,2026-04-04T16:28:01+00:00,full_5check
897,B11,0.055291,2026-04-04T16:28:01+00:00,full_5check
898,B11,0.055291,2026-04-04T16:28:01+00:00,full_5check
899,B11,0.055292,2026-04-04T16:28:01+00:00,full_5check
