run_id,metric,value_ms,timestamp,variant
0,B3,0.045917,2026-04-04T16:28:01+00:00,depth_3
1,B3,0.045959,2026-04-04T16:28:01+00:00,depth_3
2,B3,0.046000,2026-04-04T16:28:01+00:00,depth_3
3,B3,0.046042,2026-04-04T16:28:01+00:00,depth_3
4,B3,0.046042,2026-04-04T16:28:01+00:00,depth_3
5,B3,0.046083,2026-04-04T16:28:01+00:00,depth_3
6,B3,0.046042,2026-04-04T16:28:01+00:00,depth_3
7,B3,0.046000,2026-04-04T16:28:01+00:00,depth_3
8,B3,0.045959,2026-04-04T16:28:01+00:00,depth_3
9,B3,0.045959,2026-04-04T16:28:01+00:00,depth_3
10,B3,0.045916,2026-04-04T16:28:01+00:00,depth_3
11,B3,0.045917,2026-04-04T16:28:01+00:00,depth_3
12,B3,0.045958,2026-04-04T16:28:01+00:00,depth_3
13,B3,0.045917,2026-04-04T16:28:01+00:00,depth_3
14,B3,0.045958,2026-04-04T16:28:01+00:00,depth_3
15,B3,0.045958,2026-04-04T16:28:01+00:00,depth_3
16,B3,0.045917,2026-04-04T16:28:01+00:00,depth_3
17,B3,0.046000,2026-04-04T16:28:01+00:00,depth_3
18,B3,0.045917,2026-04-04T16:28:01+00:00,depth_3
19,B3,0.045875,2026-04-04T16:28:01+00:00,depth_3
20,B3,0.045958,2026-04-04T16:28:01+00:00,depth_3
21,B3,0.045875,2026-04-04T16:28:01+00:00,depth_3
22,B3,0.045917,2026-04-04T16:28:01+00:00,depth_3
23,B3,0.046041,2026-04-04T16:28:01+00:00,depth_3
24,B3,0.045958,2026-04-04T16:28:01+00:00,depth_3
25,B3,0.046000,2026-04-04T16:28:01+00:00,depth_3
26,B3,0.045917,2026-04-04T16:28:01+00:00,depth_3
27,B3,0.046042,2026-04-04T16:28:01+00:00,depth_3
28,B3,0.045916,2026-04-04T16:28:01+00:00,depth_3
29,B3,0.045958,2026-04-04T16:28:01+00:00,depth_3
30,B3,0.045958,2026-04-04T16:28:01+00:00,depth_3
31,B3,0.045958,2026-04-04T16:28:01+00:00,depth_3
32,B3,0.045959,2026-04-04T16:28:01+00:00,depth_3
33,B3,0.046000,2026-04-04T16:28:01+00:00,depth_3
34,B3,0.045958,2026-04-04T16:28:01+00:00,depth_3
35,B3,0.045959,2026-04-04T16:28:01+00:00,depth_3
36,B3,0.046041,2026-04-04T16:28:01+00:00,depth_3
37,B3,0.046042,2026-04-04T16:28:01+00:00,depth_3
38,B3,0.048542,2026-04-04T16:28:01+00:00,depth_3
39,B3,0.049666,2026-04-04T16:28:01+00:00,depth_3
40,B3,0.047250,2026-04-04T16:28:01+00:00,depth_3
41,B3,0.047334,2026-04-04T16:28:01+00:00,depth_3
42,B3,0.047250,2026-04-04T16:28:01+00:00,depth_3
43,B3,0.047209,2026-04-04T16:28:01+00:00,depth_3
44,B3,0.047208,2026-04-04T16:28:01+00:00,depth_3
45,B3,0.047250,2026-04-04T16:28:01+00:00,depth_3
46,B3,0.047208,2026-04-04T16:28:01+00:00,depth_3
47,B3,0.047250,2026-04-04T16:28:01+00:00,depth_3
48,B3,0.047292,2026-04-04T16:28:01+00:00,depth_3
49,B3,0.047292,2026-04-04T16:28:01+00:00,depth_3
50,B3,0.047209,2026-04-04T16:28:01+00:00,depth_3
51,B3,0.046875,2026-04-04T16:28:01+00:00,depth_3
52,B3,0.046625,2026-04-04T16:28:01+00:00,depth_3
53,B3,0.046750,2026-04-04T16:28:01+00:00,depth_3
54,B3,0.046709,2026-04-04T16:28:01+00:00,depth_3
55,B3,0.046625,2026-04-04T16:28:01+00:00,depth_3
56,B3,0.046708,2026-04-04T16:28:01+00:00,depth_3
57,B3,0.046625,2026-04-04T16:28:01+00:00,depth_3
58,B3,0.046625,2026-04-04T16:28:01+00:00,depth_3
59,B3,0.046542,2026-04-04T16:28:01+00:00,depth_3
60,B3,0.046667,2026-04-04T16:28:01+00:00,depth_3
61,B3,0.046583,2026-04-04T16:28:01+00:00,depth_3
62,B3,0.046625,2026-04-04T16:28:01+00:00,depth_3
63,B3,0.049583,2026-04-04T16:28:01+00:00,depth_3
64,B3,0.047167,2026-04-04T16:28:01+00:00,depth_3
65,B3,0.047291,2026-04-04T16:28:01+00:00,depth_3
66,B3,0.047250,2026-04-04T16:28:01+00:00,depth_3
67,B3,0.047208,2026-04-04T16:28:01+00:00,depth_3
68,B3,0.047250,2026-04-04T16:28:01+00:00,depth_3
69,B3,0.047167,2026-04-04T16:28:01+00:00,depth_3
70,B3,0.047000,2026-04-04T16:28:01+00:00,depth_3
71,B3,0.046250,2026-04-04T16:28:01+00:00,depth_3
72,B3,0.045958,2026-04-04T16:28:01+00:00,depth_3
73,B3,0.049166,2026-04-04T16:28:01+00:00,depth_3
74,B3,0.049500,2026-04-04T16:28:01+00:00,depth_3
75,B3,0.047208,2026-04-04T16:28:01+00:00,depth_3
76,B3,0.047292,2026-04-04T16:28:01+00:00,depth_3
77,B3,0.047292,2026-04-04T16:28:01+00:00,depth_3
78,B3,0.047292,2026-04-04T16:28:01+00:00,depth_3
79,B3,0.047250,2026-04-04T16:28:01+00:00,depth_3
80,B3,0.047334,2026-04-04T16:28:01+00:00,depth_3
81,B3,0.046250,2026-04-04T16:28:01+00:00,depth_3
82,B3,0.048709,2026-04-04T16:28:01+00:00,depth_3
83,B3,0.046000,2026-04-04T16:28:01+00:00,depth_3
84,B3,0.045958,2026-04-04T16:28:01+00:00,depth_3
85,B3,0.045959,2026-04-04T16:28:01+00:00,depth_3
86,B3,0.046000,2026-04-04T16:28:01+00:00,depth_3
87,B3,0.046000,2026-04-04T16:28:01+00:00,depth_3
88,B3,0.046042,2026-04-04T16:28:01+00:00,depth_3
89,B3,0.046042,2026-04-04T16:28:01+00:00,depth_3
90,B3,0.045917,2026-04-04T16:28:01+00:00,depth_3
91,B3,0.045958,2026-04-04T16:28:01+00:00,depth_3
92,B3,0.045959,2026-04-04T16:28:01+00:00,depth_3
93,B3,0.046000,2026-04-04T16:28:01+00:00,depth_3
94,B3,0.046000,2026-04-04T16:28:01+00:00,depth_3
95,B3,0.046042,2026-04-04T16:28:01+00:00,depth_3
96,B3,0.045958,2026-04-04T16:28:01+00:00,depth_3
97,B3,0.045917,2026-04-04T16:28:01+00:00,depth_3
98,B3,0.046000,2026-04-04T16:28:01+00:00,depth_3
99,B3,0.046000,2026-04-04T16:28:01+00:00,depth_3
100,B3,0.046125,2026-04-04T16:28:01+00:00,depth_3
101,B3,0.046000,2026-04-04T16:28:01+00:00,depth_3
102,B3,0.046000,2026-04-04T16:28:01+00:00,depth_3
103,B3,0.046000,2026-04-04T16:28:01+00:00,depth_3
104,B3,0.046041,2026-04-04T16:28:01+00:00,depth_3
105,B3,0.045958,2026-04-04T16:28:01+00:00,depth_3
106,B3,0.045917,2026-04-04T16:28:01+00:00,depth_3
107,B3,0.046000,2026-04-04T16:28:01+00:00,depth_3
108,B3,0.046000,2026-04-04T16:28:01+00:00,depth_3
109,B3,0.045958,2026-04-04T16:28:01+00:00,depth_3
110,B3,0.046042,2026-04-04T16:28:01+00:00,depth_3
111,B3,0.052792,2026-04-04T16:28:01+00:00,depth_3
112,B3,0.048875,2026-04-04T16:28:01+00:00,depth_3
113,B3,0.045958,2026-04-04T16:28:01+00:00,depth_3
114,B3,0.045958,2026-04-04T16:28:01+00:00,depth_3
115,B3,0.046000,2026-04-04T16:28:01+00:00,depth_3
116,B3,0.046000,2026-04-04T16:28:01+00:00,depth_3
117,B3,0.046000,2026-04-04T16:28:01+00:00,depth_3
118,B3,0.046084,2026-04-04T16:28:01+00:00,depth_3
119,B3,0.046042,2026-04-04T16:28:01+00:00,depth_3
120,B3,0.045916,2026-04-04T16:28:01+00:00,depth_3
121,B3,0.045917,2026-04-04T16:28:01+00:00,depth_3
122,B3,0.045958,2026-04-04T16:28:01+00:00,depth_3
123,B3,0.045959,2026-04-04T16:28:01+00:00,depth_3
124,B3,0.048625,2026-04-04T16:28:01+00:00,depth_3
125,B3,0.045875,2026-04-04T16:28:01+00:00,depth_3
126,B3,0.045916,2026-04-04T16:28:01+00:00,depth_3
127,B3,0.046041,2026-04-04T16:28:01+00:00,depth_3
128,B3,0.045958,2026-04-04T16:28:01+00:00,depth_3
129,B3,0.046125,2026-04-04T16:28:01+00:00,depth_3
130,B3,0.048750,2026-04-04T16:28:01+00:00,depth_3
131,B3,0.046584,2026-04-04T16:28:01+00:00,depth_3
132,B3,0.046125,2026-04-04T16:28:01+00:00,depth_3
133,B3,0.045958,2026-04-04T16:28:01+00:00,depth_3
134,B3,0.045875,2026-04-04T16:28:01+00:00,depth_3
135,B3,0.045958,2026-04-04T16:28:01+00:00,depth_3
136,B3,0.046000,2026-04-04T16:28:01+00:00,depth_3
137,B3,0.046000,2026-04-04T16:28:01+00:00,depth_3
138,B3,0.045916,2026-04-04T16:28:01+00:00,depth_3
139,B3,0.046000,2026-04-04T16:28:01+00:00,depth_3
140,B3,0.045916,2026-04-04T16:28:01+00:00,depth_3
141,B3,0.046000,2026-04-04T16:28:01+00:00,depth_3
142,B3,0.045958,2026-04-04T16:28:01+00:00,depth_3
143,B3,0.045916,2026-04-04T16:28:01+00:00,depth_3
144,B3,0.045959,2026-04-04T16:28:01+00:00,depth_3
145,B3,0.046000,2026-04-04T16:28:01+00:00,depth_3
146,B3,0.045959,2026-04-04T16:28:01+00:00,depth_3
147,B3,0.046042,2026-04-04T16:28:01+00:00,depth_3
148,B3,0.046000,2026-04-04T16:28:01+00:00,depth_3
149,B3,0.046000,2026-04-04T16:28:01+00:00,depth_3
150,B3,0.046041,2026-04-04T16:28:01+00:00,depth_3
151,B3,0.045916,2026-04-04T16:28:01+00:00,depth_3
152,B3,0.046083,2026-04-04T16:28:01+00:00,depth_3
153,B3,0.045917,2026-04-04T16:28:01+00:00,depth_3
154,B3,0.045916,2026-04-04T16:28:01+00:00,depth_3
155,B3,0.046041,2026-04-04T16:28:01+00:00,depth_3
156,B3,0.045916,2026-04-04T16:28:01+00:00,depth_3
157,B3,0.046042,2026-04-04T16:28:01+00:00,depth_3
158,B3,0.046042,2026-04-04T16:28:01+00:00,depth_3
159,B3,0.045917,2026-04-04T16:28:01+00:00,depth_3
160,B3,0.046041,2026-04-04T16:28:01+00:00,depth_3
161,B3,0.046000,2026-04-04T16:28:01+00:00,depth_3
162,B3,0.045916,2026-04-04T16:28:01+00:00,depth_3
163,B3,0.045875,2026-04-04T16:28:01+00:00,depth_3
164,B3,0.045875,2026-04-04T16:28:01+00:00,depth_3
165,B3,0.046000,2026-04-04T16:28:01+00:00,depth_3
166,B3,0.046083,2026-04-04T16:28:01+00:00,depth_3
167,B3,0.048709,2026-04-04T16:28:01+00:00,depth_3
168,B3,0.045916,2026-04-04T16:28:01+00:00,depth_3
169,B3,0.046000,2026-04-04T16:28:01+00:00,depth_3
170,B3,0.045958,2026-04-04T16:28:01+00:00,depth_3
171,B3,0.046000,2026-04-04T16:28:01+00:00,depth_3
172,B3,0.045958,2026-04-04T16:28:01+00:00,depth_3
173,B3,0.046042,2026-04-04T16:28:01+00:00,depth_3
174,B3,0.046042,2026-04-04T16:28:01+00:00,depth_3
175,B3,0.046000,2026-04-04T16:28:01+00:00,depth_3
176,B3,0.045959,2026-04-04T16:28:01+00:00,depth_3
177,B3,0.046041,2026-04-04T16:28:01+00:00,depth_3
178,B3,0.046041,2026-04-04T16:28:01+00:00,depth_3
179,B3,0.046000,2026-04-04T16:28:01+00:00,depth_3
180,B3,0.046083,2026-04-04T16:28:01+00:00,depth_3
181,B3,0.046000,2026-04-04T16:28:01+00:00,depth_3
182,B3,0.045958,2026-04-04T16:28:01+00:00,depth_3
183,B3,0.046000,2026-04-04T16:28:01+00:00,depth_3
184,B3,0.046084,2026-04-04T16:28:01+00:00,depth_3
185,B3,0.046083,2026-04-04T16:28:01+00:00,depth_3
186,B3,0.046083,2026-04-04T16:28:01+00:00,depth_3
187,B3,0.046042,2026-04-04T16:28:01+00:00,depth_3
188,B3,0.046042,2026-04-04T16:28:01+00:00,depth_3
189,B3,0.046041,2026-04-04T16:28:01+00:00,depth_3
190,B3,0.046083,2026-04-04T16:28:01+00:00,depth_3
191,B3,0.046084,2026-04-04T16:28:01+00:00,depth_3
192,B3,0.046041,2026-04-04T16:28:01+00:00,depth_3
193,B3,0.046041,2026-04-04T16:28:01+00:00,depth_3
194,B3,0.046125,2026-04-04T16:28:01+00:00,depth_3
195,B3,0.046166,2026-04-04T16:28:01+00:00,depth_3
196,B3,0.046166,2026-04-04T16:28:01+00:00,depth_3
197,B3,0.046041,2026-04-04T16:28:01+00:00,depth_3
198,B3,0.046041,2026-04-04T16:28:01+00:00,depth_3
199,B3,0.046000,2026-04-04T16:28:01+00:00,depth_3
200,B3,0.046041,2026-04-04T16:28:01+00:00,depth_3
201,B3,0.046125,2026-04-04T16:28:01+00:00,depth_3
202,B3,0.046042,2026-04-04T16:28:01+00:00,depth_3
203,B3,0.046041,2026-04-04T16:28:01+00:00,depth_3
204,B3,0.046083,2026-04-04T16:28:01+00:00,depth_3
205,B3,0.046125,2026-04-04T16:28:01+00:00,depth_3
206,B3,0.046000,2026-04-04T16:28:01+00:00,depth_3
207,B3,0.046083,2026-04-04T16:28:01+00:00,depth_3
208,B3,0.046000,2026-04-04T16:28:01+00:00,depth_3
209,B3,0.046084,2026-04-04T16:28:01+00:00,depth_3
210,B3,0.046125,2026-04-04T16:28:01+00:00,depth_3
211,B3,0.046125,2026-04-04T16:28:01+00:00,depth_3
212,B3,0.045958,2026-04-04T16:28:01+00:00,depth_3
213,B3,0.045958,2026-04-04T16:28:01+00:00,depth_3
214,B3,0.046000,2026-04-04T16:28:01+00:00,depth_3
215,B3,0.046083,2026-04-04T16:28:01+00:00,depth_3
216,B3,0.046125,2026-04-04T16:28:01+00:00,depth_3
217,B3,0.046125,2026-04-04T16:28:01+00:00,depth_3
218,B3,0.046083,2026-04-04T16:28:01+00:00,depth_3
219,B3,0.046167,2026-04-04T16:28:01+00:00,depth_3
220,B3,0.048750,2026-04-04T16:28:01+00:00,depth_3
221,B3,0.055250,2026-04-04T16:28:01+00:00,depth_3
222,B3,0.046209,2026-04-04T16:28:01+00:00,depth_3
223,B3,0.047042,2026-04-04T16:28:01+00:00,depth_3
224,B3,0.053125,2026-04-04T16:28:01+00:00,depth_3
225,B3,0.046000,2026-04-04T16:28:01+00:00,depth_3
226,B3,0.046042,2026-04-04T16:28:01+00:00,depth_3
227,B3,0.046042,2026-04-04T16:28:01+00:00,depth_3
228,B3,0.046000,2026-04-04T16:28:01+00:00,depth_3
229,B3,0.046000,2026-04-04T16:28:01+00:00,depth_3
230,B3,0.046125,2026-04-04T16:28:01+00:00,depth_3
231,B3,0.045959,2026-04-04T16:28:01+00:00,depth_3
232,B3,0.046125,2026-04-04T16:28:01+00:00,depth_3
233,B3,0.046167,2026-04-04T16:28:01+00:00,depth_3
234,B3,0.046042,2026-04-04T16:28:01+00:00,depth_3
235,B3,0.046000,2026-04-04T16:28:01+00:00,depth_3
236,B3,0.046084,2026-04-04T16:28:01+00:00,depth_3
237,B3,0.046042,2026-04-04T16:28:01+00:00,depth_3
238,B3,0.046041,2026-04-04T16:28:01+00:00,depth_3
239,B3,0.046084,2026-04-04T16:28:01+00:00,depth_3
240,B3,0.046000,2026-04-04T16:28:01+00:00,depth_3
241,B3,0.046125,2026-04-04T16:28:01+00:00,depth_3
242,B3,0.046084,2026-04-04T16:28:01+00:00,depth_3
243,B3,0.046042,2026-04-04T16:28:01+00:00,depth_3
244,B3,0.046083,2026-04-04T16:28:01+00:00,depth_3
245,B3,0.046000,2026-04-04T16:28:01+00:00,depth_3
246,B3,0.045959,2026-04-04T16:28:01+00:00,depth_3
247,B3,0.045958,2026-04-04T16:28:01+00:00,depth_3
248,B3,0.046042,2026-04-04T16:28:01+00:00,depth_3
249,B3,0.046000,2026-04-04T16:28:01+00:00,depth_3
250,B3,0.046125,2026-04-04T16:28:01+00:00,depth_3
251,B3,0.046166,2026-04-04T16:28:01+00:00,depth_3
252,B3,0.045958,2026-04-04T16:28:01+00:00,depth_3
253,B3,0.046042,2026-04-04T16:28:01+00:00,depth_3
254,B3,0.048583,2026-04-04T16:28:01+00:00,depth_3
255,B3,0.046000,2026-04-04T16:28:01+00:00,depth_3
256,B3,0.046084,2026-04-04T16:28:01+00:00,depth_3
257,B3,0.046083,2026-04-04T16:28:01+00:00,depth_3
258,B3,0.046125,2026-04-04T16:28:01+00:00,depth_3
259,B3,0.046000,2026-04-04T16:28:01+00:00,depth_3
260,B3,0.045958,2026-04-04T16:28:01+00:00,depth_3
261,B3,0.046041,2026-04-04T16:28:01+00:00,depth_3
262,B3,0.046167,2026-04-04T16:28:01+00:00,depth_3
263,B3,0.046000,2026-04-04T16:28:01+00:00,depth_3
264,B3,0.046083,2026-04-04T16:28:01+00:00,depth_3
265,B3,0.045958,2026-04-04T16:28:01+00:00,depth_3
266,B3,0.046041,2026-04-04T16:28:01+00:00,depth_3
267,B3,0.046000,2026-04-04T16:28:01+00:00,depth_3
268,B3,0.046000,2026-04-04T16:28:01+00:00,depth_3
269,B3,0.046041,2026-04-04T16:28:01+00:00,depth_3
270,B3,0.046041,2026-04-04T16:28:01+00:00,depth_3
271,B3,0.051958,2026-04-04T16:28:01+00:00,depth_3
272,B3,0.046375,2026-04-04T16:28:01+00:00,depth_3
273,B3,0.046000,2026-04-04T16:28:01+00:00,depth_3
274,B3,0.045916,2026-04-04T16:28:01+00:00,depth_3
275,B3,0.045959,2026-04-04T16:28:01+00:00,depth_3
276,B3,0.045916,2026-04-04T16:28:01+00:00,depth_3
277,B3,0.046000,2026-04-04T16:28:01+00:00,depth_3
278,B3,0.046000,2026-04-04T16:28:01+00:00,depth_3
279,B3,0.045958,2026-04-04T16:28:01+00:00,depth_3
280,B3,0.046042,2026-04-04T16:28:01+00:00,depth_3
281,B3,0.046083,2026-04-04T16:28:01+00:00,depth_3
282,B3,0.045958,2026-04-04T16:28:01+00:00,depth_3
283,B3,0.045959,2026-04-04T16:28:01+00:00,depth_3
284,B3,0.046083,2026-04-04T16:28:01+00:00,depth_3
285,B3,0.045958,2026-04-04T16:28:01+00:00,depth_3
286,B3,0.045959,2026-04-04T16:28:01+00:00,depth_3
287,B3,0.045958,2026-04-04T16:28:01+00:00,depth_3
288,B3,0.045959,2026-04-04T16:28:01+00:00,depth_3
289,B3,0.045958,2026-04-04T16:28:01+00:00,depth_3
290,B3,0.046000,2026-04-04T16:28:01+00:00,depth_3
291,B3,0.045958,2026-04-04T16:28:01+00:00,depth_3
292,B3,0.046000,2026-04-04T16:28:01+00:00,depth_3
293,B3,0.046041,2026-04-04T16:28:01+00:00,depth_3
294,B3,0.048791,2026-04-04T16:28:01+00:00,depth_3
295,B3,0.046167,2026-04-04T16:28:01+00:00,depth_3
296,B3,0.046000,2026-04-04T16:28:01+00:00,depth_3
297,B3,0.046084,2026-04-04T16:28:01+00:00,depth_3
298,B3,0.045958,2026-04-04T16:28:01+00:00,depth_3
299,B3,0.046167,2026-04-04T16:28:01+00:00,depth_3
300,B3,0.046125,2026-04-04T16:28:01+00:00,depth_3
301,B3,0.046167,2026-04-04T16:28:01+00:00,depth_3
302,B3,0.046042,2026-04-04T16:28:01+00:00,depth_3
303,B3,0.046083,2026-04-04T16:28:01+00:00,depth_3
304,B3,0.045958,2026-04-04T16:28:01+00:00,depth_3
305,B3,0.046125,2026-04-04T16:28:01+00:00,depth_3
306,B3,0.046125,2026-04-04T16:28:01+00:00,depth_3
307,B3,0.046041,2026-04-04T16:28:01+00:00,depth_3
308,B3,0.046125,2026-04-04T16:28:01+00:00,depth_3
309,B3,0.046083,2026-04-04T16:28:01+00:00,depth_3
310,B3,0.046042,2026-04-04T16:28:01+00:00,depth_3
311,B3,0.046041,2026-04-04T16:28:01+00:00,depth_3
312,B3,0.046084,2026-04-04T16:28:01+00:00,depth_3
313,B3,0.046125,2026-04-04T16:28:01+00:00,depth_3
314,B3,0.046209,2026-04-04T16:28:01+00:00,depth_3
315,B3,0.046125,2026-04-04T16:28:01+00:00,depth_3
316,B3,0.046250,2026-04-04T16:28:01+00:00,depth_3
317,B3,0.046125,2026-04-04T16:28:01+00:00,depth_3
318,B3,0.046042,2026-04-04T16:28:01+00:00,depth_3
319,B3,0.046125,2026-04-04T16:28:01+00:00,depth_3
320,B3,0.046083,2026-04-04T16:28:01+00:00,depth_3
321,B3,0.046167,2026-04-04T16:28:01+00:00,depth_3
322,B3,0.046083,2026-04-04T16:28:01+00:00,depth_3
323,B3,0.046042,2026-04-04T16:28:01+00:00,depth_3
324,B3,0.046083,2026-04-04T16:28:01+00:00,depth_3
325,B3,0.046042,2026-04-04T16:28:01+00:00,depth_3
326,B3,0.045958,2026-04-04T16:28:01+00:00,depth_3
327,B3,0.052459,2026-04-04T16:28:01+00:00,depth_3
328,B3,0.046041,2026-04-04T16:28:01+00:00,depth_3
329,B3,0.046000,2026-04-04T16:28:01+00:00,depth_3
330,B3,0.046000,2026-04-04T16:28:01+00:00,depth_3
331,B3,0.046083,2026-04-04T16:28:01+00:00,depth_3
332,B3,0.045959,2026-04-04T16:28:01+00:00,depth_3
333,B3,0.046083,2026-04-04T16:28:01+00:00,depth_3
334,B3,0.046041,2026-04-04T16:28:01+00:00,depth_3
335,B3,0.046000,2026-04-04T16:28:01+00:00,depth_3
336,B3,0.046125,2026-04-04T16:28:01+00:00,depth_3
337,B3,0.046125,2026-04-04T16:28:01+00:00,depth_3
338,B3,0.046167,2026-04-04T16:28:01+00:00,depth_3
339,B3,0.046083,2026-04-04T16:28:01+00:00,depth_3
340,B3,0.045958,2026-04-04T16:28:01+00:00,depth_3
341,B3,0.046042,2026-04-04T16:28:01+00:00,depth_3
342,B3,0.046166,2026-04-04T16:28:01+00:00,depth_3
343,B3,0.045958,2026-04-04T16:28:01+00:00,depth_3
344,B3,0.046042,2026-04-04T16:28:01+00:00,depth_3
345,B3,0.045959,2026-04-04T16:28:01+00:00,depth_3
346,B3,0.046000,2026-04-04T16:28:01+00:00,depth_3
347,B3,0.045916,2026-04-04T16:28:01+00:00,depth_3
348,B3,0.046041,2026-04-04T16:28:01+00:00,depth_3
349,B3,0.045958,2026-04-04T16:28:01+00:00,depth_3
350,B3,0.046042,2026-04-04T16:28:01+00:00,depth_3
351,B3,0.046042,2026-04-04T16:28:01+00:00,depth_3
352,B3,0.046000,2026-04-04T16:28:01+00:00,depth_3
353,B3,0.046042,2026-04-04T16:28:01+00:00,depth_3
354,B3,0.045958,2026-04-04T16:28:01+00:00,depth_3
355,B3,0.046000,2026-04-04T16:28:01+00:00,depth_3
356,B3,0.046042,2026-04-04T16:28:01+00:00,depth_3
357,B3,0.045917,2026-04-04T16:28:01+00:00,depth_3
358,B3,0.045958,2026-04-04T16:28:01+00:00,depth_3
359,B3,0.046041,2026-04-04T16:28:01+00:00,depth_3
360,B3,0.045958,2026-04-04T16:28:01+00:00,depth_3
361,B3,0.046000,2026-04-04T16:28:01+00:00,depth_3
362,B3,0.046000,2026-04-04T16:28:01+00:00,depth_3
363,B3,0.046000,2026-04-04T16:28:01+00:00,depth_3
364,B3,0.045958,2026-04-04T16:28:01+00:00,depth_3
365,B3,0.045959,2026-04-04T16:28:01+00:00,depth_3
366,B3,0.046042,2026-04-04T16:28:01+00:00,depth_3
367,B3,0.046083,2026-04-04T16:28:01+00:00,depth_3
368,B3,0.046000,2026-04-04T16:28:01+00:00,depth_3
369,B3,0.046000,2026-04-04T16:28:01+00:00,depth_3
370,B3,0.046125,2026-04-04T16:28:01+00:00,depth_3
371,B3,0.046042,2026-04-04T16:28:01+00:00,depth_3
372,B3,0.046083,2026-04-04T16:28:01+00:00,depth_3
373,B3,0.046083,2026-04-04T16:28:01+00:00,depth_3
374,B3,0.046125,2026-04-04T16:28:01+00:00,depth_3
375,B3,0.046084,2026-04-04T16:28:01+00:00,depth_3
376,B3,0.046041,2026-04-04T16:28:01+00:00,depth_3
377,B3,0.046042,2026-04-04T16:28:01+00:00,depth_3
378,B3,0.046000,2026-04-04T16:28:01+00:00,depth_3
379,B3,0.046125,2026-04-04T16:28:01+00:00,depth_3
380,B3,0.048708,2026-04-04T16:28:01+00:00,depth_3
381,B3,0.046042,2026-04-04T16:28:01+00:00,depth_3
382,B3,0.046041,2026-04-04T16:28:01+00:00,depth_3
383,B3,0.046000,2026-04-04T16:28:01+00:00,depth_3
384,B3,0.045958,2026-04-04T16:28:01+00:00,depth_3
385,B3,0.045959,2026-04-04T16:28:01+00:00,depth_3
386,B3,0.045958,2026-04-04T16:28:01+00:00,depth_3
387,B3,0.045875,2026-04-04T16:28:01+00:00,depth_3
388,B3,0.045958,2026-04-04T16:28:01+00:00,depth_3
389,B3,0.045916,2026-04-04T16:28:01+00:00,depth_3
390,B3,0.045959,2026-04-04T16:28:01+00:00,depth_3
391,B3,0.045958,2026-04-04T16:28:01+00:00,depth_3
392,B3,0.045959,2026-04-04T16:28:01+00:00,depth_3
393,B3,0.045958,2026-04-04T16:28:01+00:00,depth_3
394,B3,0.045958,2026-04-04T16:28:01+00:00,depth_3
395,B3,0.045958,2026-04-04T16:28:01+00:00,depth_3
396,B3,0.046000,2026-04-04T16:28:01+00:00,depth_3
397,B3,0.046250,2026-04-04T16:28:01+00:00,depth_3
398,B3,0.048708,2026-04-04T16:28:01+00:00,depth_3
399,B3,0.046000,2026-04-04T16:28:01+00:00,depth_3
400,B3,0.045916,2026-04-04T16:28:01+00:00,depth_3
401,B3,0.045917,2026-04-04T16:28:01+00:00,depth_3
402,B3,0.046000,2026-04-04T16:28:01+00:00,depth_3
403,B3,0.046000,2026-04-04T16:28:01+00:00,depth_3
404,B3,0.045917,2026-04-04T16:28:01+00:00,depth_3
405,B3,0.046000,2026-04-04T16:28:01+00:00,depth_3
406,B3,0.046000,2026-04-04T16:28:01+00:00,depth_3
407,B3,0.046000,2026-04-04T16:28:01+00:00,depth_3
408,B3,0.045958,2026-04-04T16:28:01+00:00,depth_3
409,B3,0.046000,2026-04-04T16:28:01+00:00,depth_3
410,B3,0.045958,2026-04-04T16:28:01+00:00,depth_3
411,B3,0.046041,2026-04-04T16:28:01+00:00,depth_3
412,B3,0.045917,2026-04-04T16:28:01+00:00,depth_3
413,B3,0.046125,2026-04-04T16:28:01+00:00,depth_3
414,B3,0.045875,2026-04-04T16:28:01+00:00,depth_3
415,B3,0.045916,2026-04-04T16:28:01+00:00,depth_3
416,B3,0.046000,2026-04-04T16:28:01+00:00,depth_3
417,B3,0.045958,2026-04-04T16:28:01+00:00,depth_3
418,B3,0.045958,2026-04-04T16:28:01+00:00,depth_3
419,B3,0.046083,2026-04-04T16:28:01+00:00,depth_3
420,B3,0.046000,2026-04-04T16:28:01+00:00,depth_3
421,B3,0.046000,2026-04-04T16:28:01+00:00,depth_3
422,B3,0.046041,2026-04-04T16:28:01+00:00,depth_3
423,B3,0.049125,2026-04-04T16:28:01+00:00,depth_3
424,B3,0.046666,2026-04-04T16:28:01+00:00,depth_3
425,B3,0.046666,2026-04-04T16:28:01+00:00,depth_3
426,B3,0.046583,2026-04-04T16:28:01+00:00,depth_3
427,B3,0.046708,2026-04-04T16:28:01+00:00,depth_3
428,B3,0.046666,2026-04-04T16:28:01+00:00,depth_3
429,B3,0.046666,2026-04-04T16:28:01+00:00,depth_3
430,B3,0.046667,2026-04-04T16:28:01+00:00,depth_3
431,B3,0.046708,2026-04-04T16:28:01+00:00,depth_3
432,B3,0.046625,2026-04-04T16:28:01+00:00,depth_3
433,B3,0.046708,2026-04-04T16:28:01+00:00,depth_3
434,B3,0.046625,2026-04-04T16:28:01+00:00,depth_3
435,B3,0.046625,2026-04-04T16:28:01+00:00,depth_3
436,B3,0.046750,2026-04-04T16:28:01+00:00,depth_3
437,B3,0.049208,2026-04-04T16:28:01+00:00,depth_3
438,B3,0.051417,2026-04-04T16:28:01+00:00,depth_3
439,B3,0.049708,2026-04-04T16:28:01+00:00,depth_3
440,B3,0.046834,2026-04-04T16:28:01+00:00,depth_3
441,B3,0.046583,2026-04-04T16:28:01+00:00,depth_3
442,B3,0.049333,2026-04-04T16:28:01+00:00,depth_3
443,B3,0.046666,2026-04-04T16:28:01+00:00,depth_3
444,B3,0.046667,2026-04-04T16:28:01+00:00,depth_3
445,B3,0.046666,2026-04-04T16:28:01+00:00,depth_3
446,B3,0.046708,2026-04-04T16:28:01+00:00,depth_3
447,B3,0.046750,2026-04-04T16:28:01+00:00,depth_3
448,B3,0.046667,2026-04-04T16:28:01+00:00,depth_3
449,B3,0.046666,2026-04-04T16:28:01+00:00,depth_3
450,B3,0.051375,2026-04-04T16:28:01+00:00,depth_3
451,B3,0.046625,2026-04-04T16:28:01+00:00,depth_3
452,B3,0.046625,2026-04-04T16:28:01+00:00,depth_3
453,B3,0.046667,2026-04-04T16:28:01+00:00,depth_3
454,B3,0.046667,2026-04-04T16:28:01+00:00,depth_3
455,B3,0.046625,2026-04-04T16:28:01+00:00,depth_3
456,B3,0.046625,2026-04-04T16:28:01+00:00,depth_3
457,B3,0.049208,2026-04-04T16:28:01+00:00,depth_3
458,B3,0.046875,2026-04-04T16:28:01+00:00,depth_3
459,B3,0.049334,2026-04-04T16:28:01+00:00,depth_3
460,B3,0.048708,2026-04-04T16:28:01+00:00,depth_3
461,B3,0.045959,2026-04-04T16:28:01+00:00,depth_3
462,B3,0.045875,2026-04-04T16:28:01+00:00,depth_3
463,B3,0.045958,2026-04-04T16:28:01+00:00,depth_3
464,B3,0.048666,2026-04-04T16:28:01+00:00,depth_3
465,B3,0.045875,2026-04-04T16:28:01+00:00,depth_3
466,B3,0.045875,2026-04-04T16:28:01+00:00,depth_3
467,B3,0.046000,2026-04-04T16:28:01+00:00,depth_3
468,B3,0.052458,2026-04-04T16:28:01+00:00,depth_3
469,B3,0.048667,2026-04-04T16:28:01+00:00,depth_3
470,B3,0.045875,2026-04-04T16:28:01+00:00,depth_3
471,B3,0.045959,2026-04-04T16:28:01+00:00,depth_3
472,B3,0.045916,2026-04-04T16:28:01+00:00,depth_3
473,B3,0.046000,2026-04-04T16:28:01+00:00,depth_3
474,B3,0.045958,2026-04-04T16:28:01+00:00,depth_3
475,B3,0.045917,2026-04-04T16:28:01+00:00,depth_3
476,B3,0.046084,2026-04-04T16:28:01+00:00,depth_3
477,B3,0.046000,2026-04-04T16:28:01+00:00,depth_3
478,B3,0.045958,2026-04-04T16:28:01+00:00,depth_3
479,B3,0.046041,2026-04-04T16:28:01+00:00,depth_3
480,B3,0.045958,2026-04-04T16:28:01+00:00,depth_3
481,B3,0.045917,2026-04-04T16:28:01+00:00,depth_3
482,B3,0.046000,2026-04-04T16:28:01+00:00,depth_3
483,B3,0.045958,2026-04-04T16:28:01+00:00,depth_3
484,B3,0.046000,2026-04-04T16:28:01+00:00,depth_3
485,B3,0.046000,2026-04-04T16:28:01+00:00,depth_3
486,B3,0.046000,2026-04-04T16:28:01+00:00,depth_3
487,B3,0.046042,2026-04-04T16:28:01+00:00,depth_3
488,B3,0.046000,2026-04-04T16:28:01+00:00,depth_3
489,B3,0.045916,2026-04-04T16:28:01+00:00,depth_3
490,B3,0.046000,2026-04-04T16:28:01+00:00,depth_3
491,B3,0.045959,2026-04-04T16:28:01+00:00,depth_3
492,B3,0.045958,2026-04-04T16:28:01+00:00,depth_3
493,B3,0.045959,2026-04-04T16:28:01+00:00,depth_3
494,B3,0.045916,2026-04-04T16:28:01+00:00,depth_3
495,B3,0.046041,2026-04-04T16:28:01+00:00,depth_3
496,B3,0.045958,2026-04-04T16:28:01+00:00,depth_3
497,B3,0.051875,2026-04-04T16:28:01+00:00,depth_3
498,B3,0.053125,2026-04-04T16:28:01+00:00,depth_3
499,B3,0.046000,2026-04-04T16:28:01+00:00,depth_3
500,B3,0.045916,2026-04-04T16:28:01+00:00,depth_3
501,B3,0.046041,2026-04-04T16:28:01+00:00,depth_3
502,B3,0.048625,2026-04-04T16:28:01+00:00,depth_3
503,B3,0.045958,2026-04-04T16:28:01+00:00,depth_3
504,B3,0.045917,2026-04-04T16:28:01+00:00,depth_3
505,B3,0.045875,2026-04-04T16:28:01+00:00,depth_3
506,B3,0.045958,2026-04-04T16:28:01+00:00,depth_3
507,B3,0.048584,2026-04-04T16:28:01+00:00,depth_3
508,B3,0.046041,2026-04-04T16:28:01+00:00,depth_3
509,B3,0.045791,2026-04-04T16:28:01+00:00,depth_3
510,B3,0.045916,2026-04-04T16:28:01+00:00,depth_3
511,B3,0.045958,2026-04-04T16:28:01+00:00,depth_3
512,B3,0.045917,2026-04-04T16:28:01+00:00,depth_3
513,B3,0.046000,2026-04-04T16:28:01+00:00,depth_3
514,B3,0.046000,2026-04-04T16:28:01+00:00,depth_3
515,B3,0.045917,2026-04-04T16:28:01+00:00,depth_3
516,B3,0.046000,2026-04-04T16:28:01+00:00,depth_3
517,B3,0.045916,2026-04-04T16:28:01+00:00,depth_3
518,B3,0.045916,2026-04-04T16:28:01+00:00,depth_3
519,B3,0.046000,2026-04-04T16:28:01+00:00,depth_3
520,B3,0.045958,2026-04-04T16:28:01+00:00,depth_3
521,B3,0.045916,2026-04-04T16:28:01+00:00,depth_3
522,B3,0.046000,2026-04-04T16:28:01+00:00,depth_3
523,B3,0.045917,2026-04-04T16:28:01+00:00,depth_3
524,B3,0.045916,2026-04-04T16:28:01+00:00,depth_3
525,B3,0.045958,2026-04-04T16:28:01+00:00,depth_3
526,B3,0.045959,2026-04-04T16:28:01+00:00,depth_3
527,B3,0.046042,2026-04-04T16:28:01+00:00,depth_3
528,B3,0.045958,2026-04-04T16:28:01+00:00,depth_3
529,B3,0.045958,2026-04-04T16:28:01+00:00,depth_3
530,B3,0.046000,2026-04-04T16:28:01+00:00,depth_3
531,B3,0.045958,2026-04-04T16:28:01+00:00,depth_3
532,B3,0.045917,2026-04-04T16:28:01+00:00,depth_3
533,B3,0.046000,2026-04-04T16:28:01+00:00,depth_3
534,B3,0.045875,2026-04-04T16:28:01+00:00,depth_3
535,B3,0.046000,2026-04-04T16:28:01+00:00,depth_3
536,B3,0.045959,2026-04-04T16:28:01+00:00,depth_3
537,B3,0.045916,2026-04-04T16:28:01+00:00,depth_3
538,B3,0.045958,2026-04-04T16:28:01+00:00,depth_3
539,B3,0.046042,2026-04-04T16:28:01+00:00,depth_3
540,B3,0.045958,2026-04-04T16:28:01+00:00,depth_3
541,B3,0.046083,2026-04-04T16:28:01+00:00,depth_3
542,B3,0.053000,2026-04-04T16:28:01+00:00,depth_3
543,B3,0.046000,2026-04-04T16:28:01+00:00,depth_3
544,B3,0.046000,2026-04-04T16:28:01+00:00,depth_3
545,B3,0.046042,2026-04-04T16:28:01+00:00,depth_3
546,B3,0.045958,2026-04-04T16:28:01+00:00,depth_3
547,B3,0.046083,2026-04-04T16:28:01+00:00,depth_3
548,B3,0.045959,2026-04-04T16:28:01+00:00,depth_3
549,B3,0.049250,2026-04-04T16:28:01+00:00,depth_3
550,B3,0.045917,2026-04-04T16:28:01+00:00,depth_3
551,B3,0.046000,2026-04-04T16:28:01+00:00,depth_3
552,B3,0.046042,2026-04-04T16:28:01+00:00,depth_3
553,B3,0.046000,2026-04-04T16:28:01+00:00,depth_3
554,B3,0.045959,2026-04-04T16:28:01+00:00,depth_3
555,B3,0.046041,2026-04-04T16:28:01+00:00,depth_3
556,B3,0.046041,2026-04-04T16:28:01+00:00,depth_3
557,B3,0.046000,2026-04-04T16:28:01+00:00,depth_3
558,B3,0.046041,2026-04-04T16:28:01+00:00,depth_3
559,B3,0.046083,2026-04-04T16:28:01+00:00,depth_3
560,B3,0.046083,2026-04-04T16:28:01+00:00,depth_3
561,B3,0.046084,2026-04-04T16:28:01+00:00,depth_3
562,B3,0.046041,2026-04-04T16:28:01+00:00,depth_3
563,B3,0.046083,2026-04-04T16:28:01+00:00,depth_3
564,B3,0.045958,2026-04-04T16:28:01+00:00,depth_3
565,B3,0.046125,2026-04-04T16:28:01+00:00,depth_3
566,B3,0.046000,2026-04-04T16:28:01+00:00,depth_3
567,B3,0.046166,2026-04-04T16:28:01+00:00,depth_3
568,B3,0.046125,2026-04-04T16:28:01+00:00,depth_3
569,B3,0.046084,2026-04-04T16:28:01+00:00,depth_3
570,B3,0.046250,2026-04-04T16:28:01+00:00,depth_3
571,B3,0.046208,2026-04-04T16:28:01+00:00,depth_3
572,B3,0.046041,2026-04-04T16:28:01+00:00,depth_3
573,B3,0.046000,2026-04-04T16:28:01+00:00,depth_3
574,B3,0.046166,2026-04-04T16:28:01+00:00,depth_3
575,B3,0.046166,2026-04-04T16:28:01+00:00,depth_3
576,B3,0.048666,2026-04-04T16:28:01+00:00,depth_3
577,B3,0.046084,2026-04-04T16:28:01+00:00,depth_3
578,B3,0.051958,2026-04-04T16:28:01+00:00,depth_3
579,B3,0.046292,2026-04-04T16:28:01+00:00,depth_3
580,B3,0.046250,2026-04-04T16:28:01+00:00,depth_3
581,B3,0.046125,2026-04-04T16:28:01+00:00,depth_3
582,B3,0.046125,2026-04-04T16:28:01+00:00,depth_3
583,B3,0.046166,2026-04-04T16:28:01+00:00,depth_3
584,B3,0.046083,2026-04-04T16:28:01+00:00,depth_3
585,B3,0.046084,2026-04-04T16:28:01+00:00,depth_3
586,B3,0.046083,2026-04-04T16:28:01+00:00,depth_3
587,B3,0.046000,2026-04-04T16:28:01+00:00,depth_3
588,B3,0.046125,2026-04-04T16:28:01+00:00,depth_3
589,B3,0.046041,2026-04-04T16:28:01+00:00,depth_3
590,B3,0.045917,2026-04-04T16:28:01+00:00,depth_3
591,B3,0.046125,2026-04-04T16:28:01+00:00,depth_3
592,B3,0.048750,2026-04-04T16:28:01+00:00,depth_3
593,B3,0.046125,2026-04-04T16:28:01+00:00,depth_3
594,B3,0.046125,2026-04-04T16:28:01+00:00,depth_3
595,B3,0.046084,2026-04-04T16:28:01+00:00,depth_3
596,B3,0.046042,2026-04-04T16:28:01+00:00,depth_3
597,B3,0.046083,2026-04-04T16:28:01+00:00,depth_3
598,B3,0.045958,2026-04-04T16:28:01+00:00,depth_3
599,B3,0.046000,2026-04-04T16:28:01+00:00,depth_3
600,B3,0.046041,2026-04-04T16:28:01+00:00,depth_3
601,B3,0.046000,2026-04-04T16:28:01+00:00,depth_3
602,B3,0.051042,2026-04-04T16:28:01+00:00,depth_3
603,B3,0.046083,2026-04-04T16:28:01+00:00,depth_3
604,B3,0.046041,2026-04-04T16:28:01+00:00,depth_3
605,B3,0.046000,2026-04-04T16:28:01+00:00,depth_3
606,B3,0.046041,2026-04-04T16:28:01+00:00,depth_3
607,B3,0.046000,2026-04-04T16:28:01+00:00,depth_3
608,B3,0.046000,2026-04-04T16:28:01+00:00,depth_3
609,B3,0.045833,2026-04-04T16:28:01+00:00,depth_3
610,B3,0.046000,2026-04-04T16:28:01+00:00,depth_3
611,B3,0.046000,2026-04-04T16:28:01+00:00,depth_3
612,B3,0.045958,2026-04-04T16:28:01+00:00,depth_3
613,B3,0.045959,2026-04-04T16:28:01+00:00,depth_3
614,B3,0.046000,2026-04-04T16:28:01+00:00,depth_3
615,B3,0.046000,2026-04-04T16:28:01+00:00,depth_3
616,B3,0.046000,2026-04-04T16:28:01+00:00,depth_3
617,B3,0.045958,2026-04-04T16:28:01+00:00,depth_3
618,B3,0.045959,2026-04-04T16:28:01+00:00,depth_3
619,B3,0.045916,2026-04-04T16:28:01+00:00,depth_3
620,B3,0.045958,2026-04-04T16:28:01+00:00,depth_3
621,B3,0.045917,2026-04-04T16:28:01+00:00,depth_3
622,B3,0.045958,2026-04-04T16:28:01+00:00,depth_3
623,B3,0.045917,2026-04-04T16:28:01+00:00,depth_3
624,B3,0.045958,2026-04-04T16:28:01+00:00,depth_3
625,B3,0.046000,2026-04-04T16:28:01+00:00,depth_3
626,B3,0.045875,2026-04-04T16:28:01+00:00,depth_3
627,B3,0.045916,2026-04-04T16:28:01+00:00,depth_3
628,B3,0.045958,2026-04-04T16:28:01+00:00,depth_3
629,B3,0.045959,2026-04-04T16:28:01+00:00,depth_3
630,B3,0.045916,2026-04-04T16:28:01+00:00,depth_3
631,B3,0.045958,2026-04-04T16:28:01+00:00,depth_3
632,B3,0.045875,2026-04-04T16:28:01+00:00,depth_3
633,B3,0.045875,2026-04-04T16:28:01+00:00,depth_3
634,B3,0.045917,2026-04-04T16:28:01+00:00,depth_3
635,B3,0.048584,2026-04-04T16:28:01+00:00,depth_3
636,B3,0.046875,2026-04-04T16:28:01+00:00,depth_3
637,B3,0.048209,2026-04-04T16:28:01+00:00,depth_3
638,B3,0.046167,2026-04-04T16:28:01+00:00,depth_3
639,B3,0.045875,2026-04-04T16:28:01+00:00,depth_3
640,B3,0.045958,2026-04-04T16:28:01+00:00,depth_3
641,B3,0.046000,2026-04-04T16:28:01+00:00,depth_3
642,B3,0.045958,2026-04-04T16:28:01+00:00,depth_3
643,B3,0.045917,2026-04-04T16:28:01+00:00,depth_3
644,B3,0.045875,2026-04-04T16:28:01+00:00,depth_3
645,B3,0.045917,2026-04-04T16:28:01+00:00,depth_3
646,B3,0.045833,2026-04-04T16:28:01+00:00,depth_3
647,B3,0.045917,2026-04-04T16:28:01+00:00,depth_3
648,B3,0.045917,2026-04-04T16:28:01+00:00,depth_3
649,B3,0.055250,2026-04-04T16:28:01+00:00,depth_3
650,B3,0.048500,2026-04-04T16:28:01+00:00,depth_3
651,B3,0.046125,2026-04-04T16:28:01+00:00,depth_3
652,B3,0.050958,2026-04-04T16:28:01+00:00,depth_3
653,B3,0.049208,2026-04-04T16:28:01+00:00,depth_3
654,B3,0.046042,2026-04-04T16:28:01+00:00,depth_3
655,B3,0.045917,2026-04-04T16:28:01+00:00,depth_3
656,B3,0.045959,2026-04-04T16:28:01+00:00,depth_3
657,B3,0.045958,2026-04-04T16:28:01+00:00,depth_3
658,B3,0.046000,2026-04-04T16:28:01+00:00,depth_3
659,B3,0.046000,2026-04-04T16:28:01+00:00,depth_3
660,B3,0.045958,2026-04-04T16:28:01+00:00,depth_3
661,B3,0.046084,2026-04-04T16:28:01+00:00,depth_3
662,B3,0.046000,2026-04-04T16:28:01+00:00,depth_3
663,B3,0.045917,2026-04-04T16:28:01+00:00,depth_3
664,B3,0.046000,2026-04-04T16:28:01+00:00,depth_3
665,B3,0.045833,2026-04-04T16:28:01+00:00,depth_3
666,B3,0.045875,2026-04-04T16:28:01+00:00,depth_3
667,B3,0.045959,2026-04-04T16:28:01+00:00,depth_3
668,B3,0.045916,2026-04-04T16:28:01+00:00,depth_3
669,B3,0.046041,2026-04-04T16:28:01+00:00,depth_3
670,B3,0.046042,2026-04-04T16:28:01+00:00,depth_3
671,B3,0.045959,2026-04-04T16:28:01+00:00,depth_3
672,B3,0.046041,2026-04-04T16:28:01+00:00,depth_3
673,B3,0.046042,2026-04-04T16:28:01+00:00,depth_3
674,B3,0.045917,2026-04-04T16:28:01+00:00,depth_3
675,B3,0.046041,2026-04-04T16:28:01+00:00,depth_3
676,B3,0.045958,2026-04-04T16:28:01+00:00,depth_3
677,B3,0.046000,2026-04-04T16:28:01+00:00,depth_3
678,B3,0.046000,2026-04-04T16:28:01+00:00,depth_3
679,B3,0.046000,2026-04-04T16:28:01+00:00,depth_3
680,B3,0.045958,2026-04-04T16:28:01+00:00,depth_3
681,B3,0.046000,2026-04-04T16:28:01+00:00,depth_3
682,B3,0.046000,2026-04-04T16:28:01+00:00,depth_3
683,B3,0.045959,2026-04-04T16:28:01+00:00,depth_3
684,B3,0.046000,2026-04-04T16:28:01+00:00,depth_3
685,B3,0.045958,2026-04-04T16:28:01+00:00,depth_3
686,B3,0.046000,2026-04-04T16:28:01+00:00,depth_3
687,B3,0.046000,2026-04-04T16:28:01+00:00,depth_3
688,B3,0.046000,2026-04-04T16:28:01+00:00,depth_3
689,B3,0.046000,2026-04-04T16:28:01+00:00,depth_3
690,B3,0.045958,2026-04-04T16:28:01+00:00,depth_3
691,B3,0.046000,2026-04-04T16:28:01+00:00,depth_3
692,B3,0.046125,2026-04-04T16:28:01+00:00,depth_3
693,B3,0.045958,2026-04-04T16:28:01+00:00,depth_3
694,B3,0.046042,2026-04-04T16:28:01+00:00,depth_3
695,B3,0.046125,2026-04-04T16:28:01+00:00,depth_3
696,B3,0.045959,2026-04-04T16:28:01+00:00,depth_3
697,B3,0.046041,2026-04-04T16:28:01+00:00,depth_3
698,B3,0.046125,2026-04-04T16:28:01+00:00,depth_3
699,B3,0.046041,2026-04-04T16:28:01+00:00,depth_3
700,B3,0.046041,2026-04-04T16:28:01+00:00,depth_3
701,B3,0.046083,2026-04-04T16:28:01+00:00,depth_3
702,B3,0.045958,2026-04-04T16:28:01+00:00,depth_3
703,B3,0.046084,2026-04-04T16:28:01+00:00,depth_3
704,B3,0.046083,2026-04-04T16:28:01+00:00,depth_3
705,B3,0.046083,2026-04-04T16:28:01+00:00,depth_3
706,B3,0.046083,2026-04-04T16:28:01+00:00,depth_3
707,B3,0.046084,2026-04-04T16:28:01+00:00,depth_3
708,B3,0.046041,2026-04-04T16:28:01+00:00,depth_3
709,B3,0.046083,2026-04-04T16:28:01+00:00,depth_3
710,B3,0.045917,2026-04-04T16:28:01+00:00,depth_3
711,B3,0.046042,2026-04-04T16:28:01+00:00,depth_3
712,B3,0.046042,2026-04-04T16:28:01+00:00,depth_3
713,B3,0.046125,2026-04-04T16:28:01+00:00,depth_3
714,B3,0.046000,2026-04-04T16:28:01+00:00,depth_3
715,B3,0.046000,2026-04-04T16:28:01+00:00,depth_3
716,B3,0.046000,2026-04-04T16:28:01+00:00,depth_3
717,B3,0.045958,2026-04-04T16:28:01+00:00,depth_3
718,B3,0.045958,2026-04-04T16:28:01+00:00,depth_3
719,B3,0.046166,2026-04-04T16:28:01+00:00,depth_3
720,B3,0.048709,2026-04-04T16:28:01+00:00,depth_3
721,B3,0.046083,2026-04-04T16:28:01+00:00,depth_3
722,B3,0.046084,2026-04-04T16:28:01+00:00,depth_3
723,B3,0.046083,2026-04-04T16:28:01+00:00,depth_3
724,B3,0.046083,2026-04-04T16:28:01+00:00,depth_3
725,B3,0.046084,2026-04-04T16:28:01+00:00,depth_3
726,B3,0.045917,2026-04-04T16:28:01+00:00,depth_3
727,B3,0.045958,2026-04-04T16:28:01+00:00,depth_3
728,B3,0.046000,2026-04-04T16:28:01+00:00,depth_3
729,B3,0.046041,2026-04-04T16:28:01+00:00,depth_3
730,B3,0.046000,2026-04-04T16:28:01+00:00,depth_3
731,B3,0.045958,2026-04-04T16:28:01+00:00,depth_3
732,B3,0.045917,2026-04-04T16:28:01+00:00,depth_3
733,B3,0.045917,2026-04-04T16:28:01+00:00,depth_3
734,B3,0.045916,2026-04-04T16:28:01+00:00,depth_3
735,B3,0.045958,2026-04-04T16:28:01+00:00,depth_3
736,B3,0.045959,2026-04-04T16:28:01+00:00,depth_3
737,B3,0.046000,2026-04-04T16:28:01+00:00,depth_3
738,B3,0.045958,2026-04-04T16:28:01+00:00,depth_3
739,B3,0.045959,2026-04-04T16:28:01+00:00,depth_3
740,B3,0.045916,2026-04-04T16:28:01+00:00,depth_3
741,B3,0.046000,2026-04-04T16:28:01+00:00,depth_3
742,B3,0.045959,2026-04-04T16:28:01+00:00,depth_3
743,B3,0.045958,2026-04-04T16:28:01+00:00,depth_3
744,B3,0.045917,2026-04-04T16:28:01+00:00,depth_3
745,B3,0.045958,2026-04-04T16:28:01+00:00,depth_3
746,B3,0.046084,2026-04-04T16:28:01+00:00,depth_3
747,B3,0.045958,2026-04-04T16:28:01+00:00,depth_3
748,B3,0.045917,2026-04-04T16:28:01+00:00,depth_3
749,B3,0.046083,2026-04-04T16:28:01+00:00,depth_3
750,B3,0.045958,2026-04-04T16:28:01+00:00,depth_3
751,B3,0.045958,2026-04-04T16:28:01+00:00,depth_3
752,B3,0.046125,2026-04-04T16:28:01+00:00,depth_3
753,B3,0.045916,2026-04-04T16:28:01+00:00,depth_3
754,B3,0.045834,2026-04-04T16:28:01+00:00,depth_3
755,B3,0.046041,2026-04-04T16:28:01+00:00,depth_3
756,B3,0.048584,2026-04-04T16:28:01+00:00,depth_3
757,B3,0.045916,2026-04-04T16:28:01+00:00,depth_3
758,B3,0.050542,2026-04-04T16:28:01+00:00,depth_3
759,B3,0.046000,2026-04-04T16:28:01+00:00,depth_3
760,B3,0.046000,2026-04-04T16:28:01+00:00,depth_3
761,B3,0.046000,2026-04-04T16:28:01+00:00,depth_3
762,B3,0.046000,2026-04-04T16:28:01+00:00,depth_3
763,B3,0.046042,2026-04-04T16:28:01+00:00,depth_3
764,B3,0.046042,2026-04-04T16:28:01+00:00,depth_3
765,B3,0.048583,2026-04-04T16:28:01+00:00,depth_3
766,B3,0.045959,2026-04-04T16:28:01+00:00,depth_3
767,B3,0.045958,2026-04-04T16:28:01+00:00,depth_3
768,B3,0.046000,2026-04-04T16:28:01+00:00,depth_3
769,B3,0.046042,2026-04-04T16:28:01+00:00,depth_3
770,B3,0.046125,2026-04-04T16:28:01+00:00,depth_3
771,B3,0.046042,2026-04-04T16:28:01+00:00,depth_3
772,B3,0.046125,2026-04-04T16:28:01+00:00,depth_3
773,B3,0.046125,2026-04-04T16:28:01+00:00,depth_3
774,B3,0.046000,2026-04-04T16:28:01+00:00,depth_3
775,B3,0.046125,2026-04-04T16:28:01+00:00,depth_3
776,B3,0.046125,2026-04-04T16:28:01+00:00,depth_3
777,B3,0.046125,2026-04-04T16:28:01+00:00,depth_3
778,B3,0.046208,2026-04-04T16:28:01+00:00,depth_3
779,B3,0.046083,2026-04-04T16:28:01+00:00,depth_3
780,B3,0.046125,2026-04-04T16:28:01+00:00,depth_3
781,B3,0.046125,2026-04-04T16:28:01+00:00,depth_3
782,B3,0.046041,2026-04-04T16:28:01+00:00,depth_3
783,B3,0.046167,2026-04-04T16:28:01+00:00,depth_3
784,B3,0.046042,2026-04-04T16:28:01+00:00,depth_3
785,B3,0.046042,2026-04-04T16:28:01+00:00,depth_3
786,B3,0.046042,2026-04-04T16:28:01+00:00,depth_3
787,B3,0.046042,2026-04-04T16:28:01+00:00,depth_3
788,B3,0.048250,2026-04-04T16:28:01+00:00,depth_3
789,B3,0.047333,2026-04-04T16:28:01+00:00,depth_3
790,B3,0.046209,2026-04-04T16:28:01+00:00,depth_3
791,B3,0.046125,2026-04-04T16:28:01+00:00,depth_3
792,B3,0.046167,2026-04-04T16:28:01+00:00,depth_3
793,B3,0.046042,2026-04-04T16:28:01+00:00,depth_3
794,B3,0.046042,2026-04-04T16:28:01+00:00,depth_3
795,B3,0.046042,2026-04-04T16:28:01+00:00,depth_3
796,B3,0.046083,2026-04-04T16:28:01+00:00,depth_3
797,B3,0.046000,2026-04-04T16:28:01+00:00,depth_3
798,B3,0.046084,2026-04-04T16:28:01+00:00,depth_3
799,B3,0.045875,2026-04-04T16:28:01+00:00,depth_3
800,B3,0.045917,2026-04-04T16:28:01+00:00,depth_3
801,B3,0.046041,2026-04-04T16:28:01+00:00,depth_3
802,B3,0.045958,2026-04-04T16:28:01+00:00,depth_3
803,B3,0.045958,2026-04-04T16:28:01+00:00,depth_3
804,B3,0.046000,2026-04-04T16:28:01+00:00,depth_3
805,B3,0.048667,2026-04-04T16:28:01+00:00,depth_3
806,B3,0.046041,2026-04-04T16:28:01+00:00,depth_3
807,B3,0.045958,2026-04-04T16:28:01+00:00,depth_3
808,B3,0.046000,2026-04-04T16:28:01+00:00,depth_3
809,B3,0.045959,2026-04-04T16:28:01+00:00,depth_3
810,B3,0.045958,2026-04-04T16:28:01+00:00,depth_3
811,B3,0.046083,2026-04-04T16:28:01+00:00,depth_3
812,B3,0.046041,2026-04-04T16:28:01+00:00,depth_3
813,B3,0.045958,2026-04-04T16:28:01+00:00,depth_3
814,B3,0.046084,2026-04-04T16:28:01+00:00,depth_3
815,B3,0.046000,2026-04-04T16:28:01+00:00,depth_3
816,B3,0.045959,2026-04-04T16:28:01+00:00,depth_3
817,B3,0.048833,2026-04-04T16:28:01+00:00,depth_3
818,B3,0.048250,2026-04-04T16:28:01+00:00,depth_3
819,B3,0.052042,2026-04-04T16:28:01+00:00,depth_3
820,B3,0.049667,2026-04-04T16:28:01+00:00,depth_3
821,B3,0.046583,2026-04-04T16:28:01+00:00,depth_3
822,B3,0.046000,2026-04-04T16:28:01+00:00,depth_3
823,B3,0.045958,2026-04-04T16:28:01+00:00,depth_3
824,B3,0.045917,2026-04-04T16:28:01+00:00,depth_3
825,B3,0.046000,2026-04-04T16:28:01+00:00,depth_3
826,B3,0.046000,2026-04-04T16:28:01+00:00,depth_3
827,B3,0.046042,2026-04-04T16:28:01+00:00,depth_3
828,B3,0.046000,2026-04-04T16:28:01+00:00,depth_3
829,B3,0.045959,2026-04-04T16:28:01+00:00,depth_3
830,B3,0.045958,2026-04-04T16:28:01+00:00,depth_3
831,B3,0.045959,2026-04-04T16:28:01+00:00,depth_3
832,B3,0.045875,2026-04-04T16:28:01+00:00,depth_3
833,B3,0.046000,2026-04-04T16:28:01+00:00,depth_3
834,B3,0.045917,2026-04-04T16:28:01+00:00,depth_3
835,B3,0.045959,2026-04-04T16:28:01+00:00,depth_3
836,B3,0.045958,2026-04-04T16:28:01+00:00,depth_3
837,B3,0.045958,2026-04-04T16:28:01+00:00,depth_3
838,B3,0.045959,2026-04-04T16:28:01+00:00,depth_3
839,B3,0.045916,2026-04-04T16:28:01+00:00,depth_3
840,B3,0.046000,2026-04-04T16:28:01+00:00,depth_3
841,B3,0.045916,2026-04-04T16:28:01+00:00,depth_3
842,B3,0.046041,2026-04-04T16:28:01+00:00,depth_3
843,B3,0.046125,2026-04-04T16:28:01+00:00,depth_3
844,B3,0.046000,2026-04-04T16:28:01+00:00,depth_3
845,B3,0.045959,2026-04-04T16:28:01+00:00,depth_3
846,B3,0.046000,2026-04-04T16:28:01+00:00,depth_3
847,B3,0.046000,2026-04-04T16:28:01+00:00,depth_3
848,B3,0.048750,2026-04-04T16:28:01+00:00,depth_3
849,B3,0.045875,2026-04-04T16:28:01+00:00,depth_3
850,B3,0.046000,2026-04-04T16:28:01+00:00,depth_3
851,B3,0.046000,2026-04-04T16:28:01+00:00,depth_3
852,B3,0.045958,2026-04-04T16:28:01+00:00,depth_3
853,B3,0.046083,2026-04-04T16:28:01+00:00,depth_3
854,B3,0.045959,2026-04-04T16:28:01+00:00,depth_3
855,B3,0.046041,2026-04-04T16:28:01+00:00,depth_3
856,B3,0.046041,2026-04-04T16:28:01+00:00,depth_3
857,B3,0.045917,2026-04-04T16:28:01+00:00,depth_3
858,B3,0.046000,2026-04-04T16:28:01+00:00,depth_3
859,B3,0.046042,2026-04-04T16:28:01+00:00,depth_3
860,B3,0.046042,2026-04-04T16:28:01+00:00,depth_3
861,B3,0.046083,2026-04-04T16:28:01+00:00,depth_3
862,B3,0.046042,2026-04-04T16:28:01+00:00,depth_3
863,B3,0.049209,2026-04-04T16:28:01+00:00,depth_3
864,B3,0.049500,2026-04-04T16:28:01+00:00,depth_3
865,B3,0.046125,2026-04-04T16:28:01+00:00,depth_3
866,B3,0.046000,2026-04-04T16:28:01+00:00,depth_3
867,B3,0.046125,2026-04-04T16:28:01+00:00,depth_3
868,B3,0.046125,2026-04-04T16:28:01+00:00,depth_3
869,B3,0.045959,2026-04-04T16:28:01+00:00,depth_3
870,B3,0.046000,2026-04-04T16:28:01+00:00,depth_3
871,B3,0.046000,2026-04-04T16:28:01+00:00,depth_3
872,B3,0.046083,2026-04-04T16:28:01+00:00,depth_3
873,B3,0.046084,2026-04-04T16:28:01+00:00,depth_3
874,B3,0.045916,2026-04-04T16:28:01+00:00,depth_3
875,B3,0.045958,2026-04-04T16:28:01+00:00,depth_3
876,B3,0.046083,2026-04-04T16:28:01+00:00,depth_3
877,B3,0.046000,2026-04-04T16:28:01+00:00,depth_3
878,B3,0.046042,2026-04-04T16:28:01+00:00,depth_3
879,B3,0.046000,2026-04-04T16:28:01+00:00,depth_3
880,B3,0.045916,2026-04-04T16:28:01+00:00,depth_3
881,B3,0.046041,2026-04-04T16:28:01+00:00,depth_3
882,B3,0.045875,2026-04-04T16:28:01+00:00,depth_3
883,B3,0.045916,2026-04-04T16:28:01+00:00,depth_3
884,B3,0.046000,2026-04-04T16:28:01+00:00,depth_3
885,B3,0.046042,2026-04-04T16:28:01+00:00,depth_3
886,B3,0.046041,2026-04-04T16:28:01+00:00,depth_3
887,B3,0.046000,2026-04-04T16:28:01+00:00,depth_3
888,B3,0.046000,2026-04-04T16:28:01+00:00,depth_3
889,B3,0.046000,2026-04-04T16:28:01+00:00,depth_3
890,B3,0.046042,2026-04-04T16:28:01+00:00,depth_3
891,B3,0.048625,2026-04-04T16:28:01+00:00,depth_3
892,B3,0.045959,2026-04-04T16:28:01+00:00,depth_3
893,B3,0.045958,2026-04-04T16:28:01+00:00,depth_3
894,B3,0.046042,2026-04-04T16:28:01+00:00,depth_3
895,B3,0.045959,2026-04-04T16:28:01+00:00,depth_3
896,B3,0.045916,2026-04-04T16:28:01+00:00,depth_3
897,B3,0.046041,2026-04-04T16:28:01+00:00,depth_3
898,B3,0.045959,2026-04-04T16:28:01+00:00,depth_3
899,B3,0.046083,2026-04-04T16:28:01+00:00,depth_3
